+==================================================+

100 1 97 8.75299 126 8.75299 121 8.75299 
100 2 122 8.75299 120 8.75299 124 8.75299 
100 3 116 8.75299 146 8.75299 119 8.75299 
100 4 120 8.75299 124 8.75299 125 8.75299 
100 5 115 8.75299 116 8.75299 98 8.75299 
100 6 117 8.75299 122 8.75299 149 8.75299 
100 7 125 8.75299 121 8.75299 123 8.75299 
100 8 124 8.75299 125 8.75299 119 8.75299 
100 9 120 8.75299 143 8.75299 118 8.75299 
100 10 110 8.75299 121 8.75299 120 8.75299 
100 11 129 8.75299 138 8.75299 127 8.75299 
100 12 119 8.75299 129 8.75299 120 8.75299 
100 13 142 8.75299 92 8.75299 82 8.75299 
100 14 102 8.75299 120 8.75299 118 8.75299 
100 15 120 8.75299 117 8.75299 121 8.75299 
100 16 140 8.75299 114 8.75299 34 8.75299 
100 17 125 8.75299 116 8.75299 121 8.75299 
100 18 119 8.75299 145 8.75299 116 8.75299 
100 19 123 8.75299 128 8.75299 125 8.75299 
100 20 139 8.75299 144 8.75299 125 8.75299 
100 21 120 8.75299 126 8.75299 122 8.75299 
100 22 141 8.75299 139 8.75299 141 8.75299 
100 23 124 8.75299 143 8.75299 124 8.75299 
100 24 141 8.75299 127 8.75299 120 8.75299 
100 25 136 8.75299 124 8.75299 115 8.75299 
100 26 117 8.75299 141 8.75299 120 8.75299 
100 27 119 8.75299 134 8.75299 121 8.75299 
100 28 117 8.75299 121 8.75299 146 8.75299 
100 29 110 8.75299 122 8.75299 146 8.75299 
100 30 149 8.75299 121 8.75299 129 8.75299 
100 31 120 8.75299 124 8.75299 141 8.75299 
100 32 123 8.75299 123 8.75299 120 8.75299 
100 33 120 8.75299 122 8.75299 113 8.75299 

+==================================================+

100 1 90 8.75299 79 8.75299 58 8.75299 
100 2 78 8.75299 80 8.75299 73 8.75299 
100 3 79 8.75299 82 8.75299 41 8.75299 
100 4 69 8.75299 90 8.75299 101 8.75299 
100 5 120 8.75299 117 8.75299 119 8.75299 
100 6 119 8.75299 119 8.75299 120 8.75299 
100 7 129 8.75299 116 8.75299 120 8.75299 
100 8 142 8.75299 144 8.75299 118 8.75299 
100 9 146 8.75299 140 8.75299 138 8.75299 
100 10 93 8.75299 146 8.75299 138 8.75299 
100 11 123 8.75299 137 8.75299 118 8.75299 
100 12 118 8.75299 91 8.75299 111 8.75299 
100 13 115 8.75299 103 8.75299 117 8.75299 
100 14 118 8.75299 114 8.75299 119 8.75299 
100 15 110 8.75299 119 8.75299 138 8.75299 
100 16 92 8.75299 117 8.75299 118 8.75299 
100 17 117 8.75299 118 8.75299 97 8.75299 
100 18 98 8.75299 119 8.75299 96 8.75299 
100 19 102 8.75299 117 8.75299 122 8.75299 
100 20 77 8.75299 66 8.75299 57 8.75299 
100 21 91 8.75299 86 8.75299 115 8.75299 
100 22 94 8.75299 108 8.75299 90 8.75299 
100 23 117 8.75299 118 8.75299 102 8.75299 
100 24 118 8.75299 119 8.75299 83 8.75299 
100 25 98 8.75299 64 8.75299 99 8.75299 
100 26 117 8.75299 120 8.75299 120 8.75299 
100 27 118 8.75299 119 8.75299 120 8.75299 
100 28 109 8.75299 102 8.75299 122 8.75299 
100 29 121 8.75299 121 8.75299 125 8.75299 
100 30 122 8.75299 116 8.75299 123 8.75299 
100 31 139 8.75299 129 8.75299 127 8.75299 
100 32 143 8.75299 108 8.75299 123 8.75299 
100 33 119 8.75299 122 8.75299 121 8.75299 

+==================================================+

100 1 143 8.75 120 8.75 140 8.75 
100 2 117 8.75 120 8.75 122 8.75 
100 3 133 8.75 112 8.75 120 8.75 
100 4 97 8.75 116 8.75 116 8.75 
100 5 91 8.75 61 8.75 64 8.75 
100 6 116 8.75 115 8.75 117 8.75 
100 7 117 8.75 96 8.75 142 8.75 
100 8 110 8.75 119 8.75 138 8.75 
100 9 117 8.75 117 8.75 138 8.75 
100 10 137 8.75 146 8.75 112 8.75 
100 11 111 8.75 91 8.75 98 8.75 
100 12 93 8.75 80 8.75 36 8.75 
100 13 70 8.75 121 8.75 116 8.75 
100 14 117 8.75 119 8.75 123 8.75 
100 15 119 8.75 116 8.75 161 8.75 
100 16 119 8.75 123 8.75 118 8.75 
100 17 117 8.75 90 8.75 122 8.75 
100 18 82 8.75 62 8.75 89 8.75 
100 19 88 8.75 34 8.75 95 8.75 
100 20 116 8.75 118 8.75 140 8.75 
100 21 116 8.75 120 8.75 125 8.75 
100 22 115 8.75 119 8.75 119 8.75 
100 23 117 8.75 139 8.75 119 8.75 
100 24 119 8.75 124 8.75 94 8.75 
100 25 105 8.75 94 8.75 101 8.75 
100 26 85 8.75 106 8.75 103 8.75 
100 27 102 8.75 103 8.75 109 8.75 
100 28 103 8.75 100 8.75 102 8.75 
100 29 103 8.75 95 8.75 78 8.75 
100 30 101 8.75 104 8.75 120 8.75 
100 31 119 8.75 93 8.75 77 8.75 
100 32 70 8.75 99 8.75 98 8.75 
100 33 98 8.75 102 8.75 103 8.75 

+==================================================+

100 1 108 8.753 105 8.753 105 8.753 
100 2 109 8.753 124 8.753 83 8.753 
100 3 110 8.753 120 8.753 102 8.753 
100 4 97 8.753 74 8.753 102 8.753 
100 5 83 8.753 104 8.753 106 8.753 
100 6 115 8.753 117 8.753 109 8.753 
100 7 122 8.753 111 8.753 123 8.753 
100 8 144 8.753 124 8.753 124 8.753 
100 9 106 8.753 99 8.753 122 8.753 
100 10 106 8.753 101 8.753 75 8.753 
100 11 72 8.753 94 8.753 104 8.753 
100 12 78 8.753 89 8.753 82 8.753 
100 13 82 8.753 72 8.753 84 8.753 
100 14 78 8.753 70 8.753 97 8.753 
100 15 76 8.753 85 8.753 78 8.753 
100 16 83 8.753 40 8.753 92 8.753 
100 17 87 8.753 56 8.753 77 8.753 
100 18 79 8.753 64 8.753 95 8.753 
100 19 86 8.753 93 8.753 74 8.753 
100 20 73 8.753 77 8.753 88 8.753 
100 21 54 8.753 106 8.753 95 8.753 
100 22 100 8.753 95 8.753 63 8.753 
100 23 84 8.753 105 8.753 62 8.753 
100 24 99 8.753 123 8.753 123 8.753 
100 25 138 8.753 121 8.753 142 8.753 
100 26 121 8.753 123 8.753 122 8.753 
100 27 124 8.753 124 8.753 102 8.753 
100 28 126 8.753 122 8.753 122 8.753 
100 29 104 8.753 120 8.753 126 8.753 
100 30 124 8.753 107 8.753 125 8.753 
100 31 147 8.753 95 8.753 123 8.753 
100 32 121 8.753 123 8.753 124 8.753 
100 33 123 8.753 117 8.753 117 8.753 

+==================================================+

100 1 34 8.753 34 8.753 34 8.753 
100 2 35 8.753 35 8.753 35 8.753 
100 3 35 8.753 34 8.753 34 8.753 
100 4 34 8.753 35 8.753 35 8.753 
100 5 35 8.753 35 8.753 35 8.753 
100 6 35 8.753 35 8.753 35 8.753 
100 7 35 8.753 35 8.753 35 8.753 
100 8 34 8.753 34 8.753 35 8.753 
100 9 35 8.753 35 8.753 34 8.753 
100 10 34 8.753 34 8.753 35 8.753 
100 11 35 8.753 35 8.753 35 8.753 
100 12 35 8.753 35 8.753 35 8.753 
100 13 35 8.753 35 8.753 35 8.753 
100 14 35 8.753 35 8.753 35 8.753 
100 15 35 8.753 35 8.753 35 8.753 
100 16 35 8.753 37 8.753 34 8.753 
100 17 34 8.753 35 8.753 35 8.753 
100 18 35 8.753 35 8.753 34 8.753 
100 19 34 8.753 35 8.753 35 8.753 
100 20 35 8.753 35 8.753 35 8.753 
100 21 35 8.753 35 8.753 35 8.753 
100 22 35 8.753 35 8.753 34 8.753 
100 23 34 8.753 35 8.753 35 8.753 
100 24 35 8.753 34 8.753 34 8.753 
100 25 34 8.753 35 8.753 35 8.753 
100 26 35 8.753 35 8.753 34 8.753 
100 27 34 8.753 35 8.753 35 8.753 
100 28 35 8.753 35 8.753 34 8.753 
100 29 34 8.753 35 8.753 35 8.753 
100 30 35 8.753 35 8.753 35 8.753 
100 31 35 8.753 35 8.753 35 8.753 
100 32 35 8.753 34 8.753 34 8.753 
100 33 35 8.753 35 8.753 34 8.753 

+==================================================+

100 1 34 8.753 34 8.753 34 8.753 
100 2 34 8.753 35 8.753 34 8.753 
100 3 34 8.753 34 8.753 34 8.753 
100 4 35 8.753 35 8.753 34 8.753 
100 5 35 8.753 34 8.753 34 8.753 
100 6 35 8.753 35 8.753 35 8.753 
100 7 35 8.753 35 8.753 35 8.753 
100 8 35 8.753 35 8.753 35 8.753 
100 9 36 8.753 35 8.753 35 8.753 
100 10 35 8.753 35 8.753 34 8.753 
100 11 34 8.753 35 8.753 35 8.753 
100 12 34 8.753 35 8.753 35 8.753 
100 13 35 8.753 38 8.753 35 8.753 
100 14 35 8.753 35 8.753 35 8.753 
100 15 35 8.753 35 8.753 35 8.753 
100 16 35 8.753 36 8.753 35 8.753 
100 17 35 8.753 35 8.753 35 8.753 
100 18 35 8.753 35 8.753 35 8.753 
100 19 35 8.753 35 8.753 34 8.753 
100 20 34 8.753 34 8.753 34 8.753 
100 21 35 8.753 34 8.753 35 8.753 
100 22 35 8.753 35 8.753 35 8.753 
100 23 35 8.753 35 8.753 35 8.753 
100 24 35 8.753 34 8.753 35 8.753 
100 25 35 8.753 34 8.753 34 8.753 
100 26 34 8.753 34 8.753 35 8.753 
100 27 35 8.753 35 8.753 37 8.753 
100 28 36 8.753 37 8.753 37 8.753 
100 29 37 8.753 37 8.753 37 8.753 
100 30 35 8.753 35 8.753 35 8.753 
100 31 35 8.753 34 8.753 34 8.753 
100 32 35 8.753 35 8.753 37 8.753 
100 33 35 8.753 35 8.753 37 8.753 

+==================================================+

100 1 35 8.753 35 8.753 34 8.753 
100 32 15 8.753 16 8.753 15 8.753 

+==================================================+

100 1 36 8.753 35 8.753 35 8.753 35.33 
100 32 16 8.753 15 8.753 15 8.753 15.33 

+==================================================+

100 1 35 8.753 35 8.753 36 8.753 35.33 
100 32 16 8.753 15 8.753 16 8.753 15.67 
100 64 15 8.753 15 8.753 16 8.753 15.33 
100 96 15 8.753 15 8.753 15 8.753 15 

+==================================================+

100 1 32 8.753 33 8.753 32 8.753 32.33 
100 32 14 8.753 14 8.753 15 8.753 14.33 
100 64 12 8.753 14 8.753 14 8.753 13.33 
100 96 13 8.753 15 8.753 14 8.753 14 

+==================================================+

100 1 0 21 22.42 13 22.42 10 22.42 19 22.42 10 22.42 14.6 
100 32 5 14 22.42 10 22.42 11 22.42 12 22.42 8 22.42 11 
100 64 37 10 22.42 12 22.42 11 22.42 9 22.42 10 22.42 10.4 
100 96 5 10 22.42 11 22.42 9 22.42 10 22.42 11 22.42 10.2 

