+==================================================+

1000 1 22896 12.84 22905 12.84 22901 12.84 2.29e+04 
1000 32 1042 12.84 1039 12.84 1039 12.84 1040 
1000 64 625 12.84 625 12.84 624 12.84 624.7 
1000 96 503 12.84 497 12.84 497 12.84 499 
1000 128 428 12.84 428 12.84 429 12.84 428.3 
1000 160 408 12.84 409 12.84 409 12.84 408.7 
1000 192 390 12.84 388 12.84 389 12.84 389 
1000 224 389 12.84 389 12.84 390 12.84 389.3 
1000 256 389 12.84 377 12.84 377 12.84 381 
1000 288 385 12.84 385 12.84 386 12.84 385.3 
1000 320 413 12.84 413 12.84 415 12.84 413.7 
1000 352 418 12.84 394 12.84 395 12.84 402.3 
1000 384 384 12.84 384 12.84 384 12.84 384 
1000 416 402 12.84 402 12.84 404 12.84 402.7 
1000 448 406 12.84 406 12.84 407 12.84 406.3 
1000 480 412 12.84 413 12.84 413 12.84 412.7 
1000 512 393 12.84 392 12.84 392 12.84 392.3 
1000 544 428 12.84 428 12.84 428 12.84 428 
1000 576 430 12.84 430 12.84 432 12.84 430.7 
1000 608 432 12.84 432 12.84 433 12.84 432.3 
1000 640 421 12.84 420 12.84 420 12.84 420.3 
1000 672 420 12.84 420 12.84 420 12.84 420 
1000 704 420 12.84 420 12.84 421 12.84 420.3 
1000 736 413 12.84 414 12.84 419 12.84 415.3 
1000 768 411 12.84 409 12.84 411 12.84 410.3 
1000 800 553 12.84 554 12.84 552 12.84 553 
1000 832 548 12.84 548 12.84 549 12.84 548.3 
1000 864 553 12.84 551 12.84 552 12.84 552 
1000 896 553 12.84 553 12.84 553 12.84 553 
1000 928 551 12.84 552 12.84 551 12.84 551.3 
1000 960 559 12.84 556 12.84 557 12.84 557.3 
1000 992 564 12.84 569 12.84 566 12.84 566.3 

+==================================================+

1000 1 22799 12.84 22800 12.84 22797 12.84 2.28e+04 
1000 32 1038 12.84 1035 12.84 1035 12.84 1036 
1000 64 625 12.84 623 12.84 622 12.84 623.3 
1000 96 496 12.84 495 12.84 499 12.84 496.7 
1000 128 427 12.84 428 12.84 433 12.84 429.3 
1000 160 407 12.84 408 12.84 408 12.84 407.7 
1000 192 397 12.84 396 12.84 389 12.84 394 
1000 224 389 12.84 389 12.84 389 12.84 389 
1000 256 376 12.84 376 12.84 376 12.84 376 
1000 288 383 12.84 383 12.84 392 12.84 386 
1000 320 435 12.84 429 12.84 413 12.84 425.7 
1000 352 395 12.84 400 12.84 394 12.84 396.3 
1000 384 385 12.84 386 12.84 383 12.84 384.7 
1000 416 401 12.84 403 12.84 403 12.84 402.3 
1000 448 405 12.84 406 12.84 405 12.84 405.3 
1000 480 411 12.84 411 12.84 411 12.84 411 
1000 512 391 12.84 395 12.84 391 12.84 392.3 
1000 544 426 12.84 425 12.84 426 12.84 425.7 
1000 576 428 12.84 428 12.84 428 12.84 428 
1000 608 431 12.84 431 12.84 431 12.84 431 
1000 640 418 12.84 417 12.84 418 12.84 417.7 
1000 672 417 12.84 417 12.84 418 12.84 417.3 
1000 704 418 12.84 419 12.84 418 12.84 418.3 
1000 736 411 12.84 411 12.84 497 12.84 439.7 
1000 768 417 12.84 408 12.84 409 12.84 411.3 
1000 800 551 12.84 555 12.84 551 12.84 552.3 
1000 832 547 12.84 549 12.84 549 12.84 548.3 
1000 864 551 12.84 552 12.84 549 12.84 550.7 
1000 896 551 12.84 554 12.84 552 12.84 552.3 
1000 928 569 12.84 576 12.84 558 12.84 567.7 
1000 960 554 12.84 555 12.84 553 12.84 554 
1000 992 562 12.84 603 12.84 563 12.84 576 

+==================================================+

1000 1 0 22814 17.83 22810 17.83 22812 17.83 22809 17.83 22819 17.83 2.281e+04 
1000 32 9 911 1.377e+05 914 1.377e+05 912 1.377e+05 911 1.377e+05 914 1.377e+05 912.4 
1000 64 41 495 4.547e+11 495 4.547e+11 495 4.547e+11 495 4.547e+11 494 4.547e+11 494.8 
1000 96 41 369 4.547e+11 369 4.547e+11 370 4.547e+11 369 4.547e+11 369 4.547e+11 369.2 
1000 128 105 294 1.848e+28 294 1.848e+28 294 1.848e+28 294 1.848e+28 294 1.848e+28 294 
1000 160 41 280 4.547e+11 280 4.547e+11 280 4.547e+11 280 4.547e+11 280 4.547e+11 280 
1000 192 41 261 4.547e+11 260 4.547e+11 260 4.547e+11 261 4.547e+11 260 4.547e+11 260.4 
1000 224 105 256 1.848e+28 256 1.848e+28 256 1.848e+28 256 1.848e+28 256 1.848e+28 256 
1000 256 233 220 inf 219 inf 220 inf 219 inf 219 inf 219.4 
1000 288 137 246 inf 247 inf 247 inf 247 inf 246 inf 246.6 
1000 320 41 285 4.547e+11 288 4.547e+11 286 4.547e+11 285 4.547e+11 285 4.547e+11 285.8 
1000 352 297 215 inf 215 inf 215 inf 214 inf 215 inf 214.8 
1000 384 233 226 inf 227 inf 226 inf 226 inf 227 inf 226.4 
1000 416 169 260 inf 260 inf 260 inf 260 inf 260 inf 260 
1000 448 105 272 1.848e+28 273 1.848e+28 272 1.848e+28 272 1.848e+28 272 1.848e+28 272.2 
1000 480 41 283 4.547e+11 283 4.547e+11 284 4.547e+11 283 4.547e+11 283 4.547e+11 283.2 
1000 512 489 173 inf 172 inf 173 inf 172 inf 172 inf 172.4 
1000 544 457 212 inf 211 inf 213 inf 212 inf 213 inf 212.2 
1000 576 425 219 inf 219 inf 218 inf 219 inf 219 inf 218.8 
1000 608 393 225 inf 224 inf 225 inf 224 inf 225 inf 224.6 
1000 640 361 229 inf 229 inf 229 inf 229 inf 229 inf 229 
1000 672 329 235 inf 234 inf 235 inf 234 inf 234 inf 234.4 
1000 704 297 239 inf 240 inf 239 inf 240 inf 240 inf 239.6 
1000 736 265 246 inf 245 inf 245 inf 245 inf 245 inf 245.2 
1000 768 233 250 inf 251 inf 251 inf 251 inf 250 inf 250.6 
1000 800 201 397 inf 398 inf 398 inf 397 inf 398 inf 397.6 
1000 832 169 405 inf 405 inf 404 inf 405 inf 404 inf 404.6 
1000 864 137 412 inf 412 inf 412 inf 412 inf 411 inf 411.8 
1000 896 105 419 1.848e+28 417 1.848e+28 418 1.848e+28 418 1.848e+28 418 1.848e+28 418 
1000 928 73 419 1.31e+21 420 1.31e+21 419 1.31e+21 420 1.31e+21 419 1.31e+21 419.4 
1000 960 41 428 4.547e+11 427 4.547e+11 427 4.547e+11 427 4.547e+11 427 4.547e+11 427.2 
1000 992 9 438 1.377e+05 438 1.377e+05 437 1.377e+05 438 1.377e+05 438 1.377e+05 437.8 

+==================================================+

1000 1 0 22730 17.83 22730 17.83 22732 17.83 22731 17.83 22732 17.83 2.273e+04 
1000 32 9 940 17.83 942 17.83 941 17.83 942 17.83 940 17.83 941 
1000 64 41 529 17.83 528 17.83 529 17.83 528 17.83 529 17.83 528.6 
1000 96 41 403 17.83 403 17.83 402 17.83 403 17.83 402 17.83 402.6 
1000 128 105 335 17.83 334 17.83 335 17.83 334 17.83 334 17.83 334.4 
1000 160 41 313 17.83 314 17.83 314 17.83 314 17.83 313 17.83 313.6 
1000 192 41 295 17.83 308 17.83 295 17.83 294 17.83 294 17.83 297.2 
1000 224 105 296 17.83 296 17.83 296 17.83 297 17.83 296 17.83 296.2 
1000 256 233 284 17.83 294 17.83 284 17.83 284 17.83 283 17.83 285.8 
1000 288 137 291 17.83 291 17.83 292 17.83 291 17.83 291 17.83 291.2 
1000 320 41 319 17.83 320 17.83 319 17.83 319 17.83 319 17.83 319.2 
1000 352 297 302 17.83 302 17.83 302 17.83 302 17.83 315 17.83 304.6 
1000 384 233 291 17.83 291 17.83 292 17.83 291 17.83 291 17.83 291.2 
1000 416 169 309 17.83 309 17.83 309 17.83 309 17.83 308 17.83 308.8 
1000 448 105 314 17.83 312 17.83 312 17.83 312 17.83 312 17.83 312.4 
1000 480 41 317 17.83 317 17.83 317 17.83 317 17.83 317 17.83 317 
1000 512 489 302 17.83 302 17.83 302 17.83 302 17.83 302 17.83 302 
1000 544 457 338 17.83 337 17.83 337 17.83 337 17.83 337 17.83 337.2 
1000 576 425 340 17.83 340 17.83 340 17.83 340 17.83 339 17.83 339.8 
1000 608 393 342 17.83 341 17.83 341 17.83 341 17.83 341 17.83 341.2 
1000 640 361 327 17.83 329 17.83 327 17.83 328 17.83 328 17.83 327.8 
1000 672 329 328 17.83 327 17.83 328 17.83 328 17.83 328 17.83 327.8 
1000 704 297 328 17.83 329 17.83 328 17.83 329 17.83 328 17.83 328.4 
1000 736 265 321 17.83 321 17.83 336 17.83 322 17.83 320 17.83 324 
1000 768 233 317 17.83 316 17.83 316 17.83 316 17.83 316 17.83 316.2 
1000 800 201 459 17.83 459 17.83 459 17.83 459 17.83 460 17.83 459.2 
1000 832 169 454 17.83 455 17.83 454 17.83 454 17.83 454 17.83 454.2 
1000 864 137 457 17.83 456 17.83 458 17.83 456 17.83 457 17.83 456.8 
1000 896 105 458 17.83 459 17.83 459 17.83 459 17.83 459 17.83 458.8 
1000 928 73 456 17.83 461 17.83 456 17.83 457 17.83 456 17.83 457.2 
1000 960 41 461 17.83 461 17.83 461 17.83 461 17.83 461 17.83 461 
1000 992 9 469 17.83 469 17.83 468 17.83 469 17.83 469 17.83 468.8 

+==================================================+

1000 1 0 275 -1 275 -1 276 -1 276 -1 276 -1 275.6 
1000 32 9 276 -1 275 -1 275 -1 275 -1 289 -1 278 
1000 64 41 275 -1 276 -1 275 -1 276 -1 275 -1 275.4 
