10000 32 17 850252 850252 850252
10000 64 17 443116 443116 443116
10000 96 17 310580 310583 310583
10000 128 17 248361 248358 248358
10000 160 81 212905 212906 212906
10000 192 17 195578 195578 195578
10000 224 145 208557 208559 208559
10000 256 17 197532 197534 197534
10000 288 209 202667 202668 202668
10000 320 81 219942 219939 219939
10000 352 145 208534 208534 208534
10000 384 17 202346 202346 202346
10000 416 17 228810 228808 228808
10000 448 145 217166 217170 217170
10000 480 401 211191 211193 211193
10000 512 273 203816 203819 203819
10000 544 209 258607 258622 258622
10000 576 209 249140 249135 249135
10000 608 273 242231 242230 242230
10000 640 401 236226 236248 236248
10000 672 593 232298 232316 232316
10000 704 145 225223 227352 227352
10000 736 433 222856 223260 223260
10000 768 17 220858 220870 220870
10000 800 401 369671 368989 368989
10000 832 17 368970 368258 368258
10000 864 497 353064 352452 352452
10000 896 145 350945 350308 350308
10000 928 721 333011 332412 332412
10000 960 401 333246 332633 332633
10000 992 81 339295 338993 338993
10000 1024 785 336913 336325 336325
