1100 1 0 30275 30277 30279
1100 32 13 1235 1238 1235
1100 64 13 704 703 705
1100 96 45 521 521 520
1100 128 77 439 438 473
1100 160 141 387 387 387
1100 192 141 364 364 364
1100 224 205 378 378 378
1100 256 77 376 377 377
1100 288 237 373 372 372
1100 320 141 394 393 393
1100 352 45 402 402 403
1100 384 333 380 381 381
1100 416 269 400 400 400
1100 448 205 397 397 396
1100 480 141 392 391 391
1100 512 77 395 396 396
1100 544 13 473 474 473
1100 576 525 468 467 469
1100 608 493 424 425 425
1100 640 461 424 424 425
1100 672 429 425 425 425
1100 704 397 427 427 427
1100 736 365 412 411 413
1100 768 333 412 412 411
1100 800 301 582 581 582
1100 832 269 574 575 574
1100 864 237 572 571 571
1100 896 205 575 573 575
1100 928 173 561 562 561
1100 960 141 567 565 567
1100 992 109 575 575 574
1100 1024 77 578 577 578
