1200 1 0 39376 39371 39374
1200 32 17 1582 1586 1581
1200 64 49 879 878 877
1200 96 49 661 660 661
1200 128 49 560 561 560
1200 160 81 502 502 502
1200 192 49 477 478 478
1200 224 81 491 492 491
1200 256 177 460 458 460
1200 288 49 494 494 493
1200 320 241 491 490 491
1200 352 145 487 487 486
1200 384 49 496 495 496
1200 416 369 503 503 502
1200 448 305 505 505 506
1200 480 241 489 489 488
1200 512 177 481 481 481
1200 544 113 569 569 569
1200 576 49 577 578 577
1200 608 593 570 570 571
1200 640 561 571 572 571
1200 672 529 574 573 573
1200 704 497 521 522 521
1200 736 465 523 523 523
1200 768 433 524 524 524
1200 800 401 724 724 724
1200 832 369 707 709 708
1200 864 337 712 711 712
1200 896 305 714 714 714
1200 928 273 698 697 698
1200 960 241 695 696 695
1200 992 209 706 706 706
1200 1024 177 697 698 697
