1300 1 0 49873 49864 49859
1300 32 21 1991 1997 1991
1300 64 21 1122 1119 1122
1300 96 53 822 824 823
1300 128 21 705 704 705
1300 160 21 634 636 635
1300 192 149 571 572 571
1300 224 181 591 589 591
1300 256 21 604 605 604
1300 288 149 591 590 590
1300 320 21 648 649 648
1300 352 245 600 599 601
1300 384 149 593 593 593
1300 416 53 661 661 661
1300 448 405 634 634 635
1300 480 341 614 614 613
1300 512 277 603 601 603
1300 544 213 695 694 698
1300 576 149 688 687 688
1300 608 85 696 698 696
1300 640 21 705 704 705
1300 672 629 688 689 688
1300 704 597 691 690 691
1300 736 565 692 693 692
1300 768 533 696 695 695
1300 800 501 863 864 863
1300 832 469 868 866 868
1300 864 437 871 873 872
1300 896 405 878 877 878
1300 928 373 849 851 849
1300 960 341 854 853 854
1300 992 309 867 868 867
1300 1024 277 856 854 856
