1400 1 0 62335 62329 62334 62332.667
1400 32 25 2465 2465 2471 2467.000
1400 64 57 1353 1356 1357 1355.333
1400 96 57 1010 1012 1010 1010.667
1400 128 121 828 826 828 827.333
1400 160 121 747 748 746 747.000
1400 192 57 721 721 722 721.333
1400 224 57 750 751 750 750.333
1400 256 121 712 711 712 711.667
1400 288 249 716 717 715 716.000
1400 320 121 762 761 762 761.667
1400 352 345 740 741 740 740.333
1400 384 249 720 719 720 719.667
1400 416 153 778 778 777 777.667
1400 448 57 791 789 791 790.333
1400 480 441 759 758 759 758.667
1400 512 377 736 736 735 735.667
1400 544 313 850 850 850 850.000
1400 576 249 828 828 829 828.333
1400 608 185 822 823 822 822.333
1400 640 121 827 826 827 826.667
1400 672 57 838 837 837 837.333
1400 704 697 823 825 824 824.000
1400 736 665 825 824 825 824.667
1400 768 633 825 824 826 825.000
1400 800 601 1087 1089 1086 1087.333
1400 832 569 1094 1091 1093 1092.667
1400 864 537 1100 1101 1100 1100.333
1400 896 505 1035 1033 1035 1034.333
1400 928 473 1028 1027 1028 1027.667
1400 960 441 1033 1034 1033 1033.333
1400 992 409 1052 1051 1051 1051.333
1400 1024 377 1027 1025 1027 1026.333
