1500 1 0 76897 28.71 76891 28.71 76895 28.71 7.689e+04 
1500 32 29 3017 28.71 3025 28.71 3018 28.71 3020 
1500 64 29 1682 28.71 1679 28.71 1683 28.71 1681 
1500 96 61 1228 28.71 1230 28.71 1228 28.71 1229 
1500 128 93 1015 28.71 1014 28.71 1015 28.71 1015 
1500 160 61 923 28.71 925 28.71 923 28.71 923.7 
1500 192 157 845 28.71 844 28.71 845 28.71 844.7 
1500 224 157 877 28.71 878 28.71 877 28.71 877.3 
1500 256 221 854 28.71 855 28.71 855 28.71 854.7 
1500 288 61 898 28.71 897 28.71 898 28.71 897.7 
1500 320 221 910 28.71 912 28.71 912 28.71 911.3 
1500 352 93 909 28.71 910 28.71 909 28.71 909.3 
1500 384 349 883 28.71 882 28.71 884 28.71 883 
1500 416 253 931 28.71 931 28.71 932 28.71 931.3 
1500 448 157 922 28.71 924 28.71 922 28.71 922.7 
1500 480 61 935 28.71 934 28.71 935 28.71 934.7 
1500 512 477 901 28.71 900 28.71 901 28.71 900.7 
1500 544 413 1033 28.71 1034 28.71 1033 28.71 1033 
1500 576 349 1008 28.71 1005 28.71 1008 28.71 1007 
1500 608 285 993 28.71 995 28.71 993 28.71 993.7 
1500 640 221 986 28.71 985 28.71 986 28.71 985.7 
1500 672 157 977 28.71 976 28.71 977 28.71 976.7 
1500 704 93 987 28.71 989 28.71 988 28.71 988 
1500 736 29 1003 28.71 1002 28.71 1002 28.71 1002 
1500 768 733 979 28.71 978 28.71 979 28.71 978.7 
1500 800 701 1275 28.71 1277 28.71 1276 28.71 1276 
1500 832 669 1279 28.71 1277 28.71 1279 28.71 1278 
1500 864 637 1285 28.71 1329 28.71 1287 28.71 1300 
1500 896 605 1290 28.71 1292 28.71 1289 28.71 1290 
1500 928 573 1287 28.71 1285 28.71 1287 28.71 1286 
1500 960 541 1295 28.71 1298 28.71 1295 28.71 1296 
1500 992 509 1235 28.71 1234 28.71 1233 28.71 1234 
1500 1024 477 1235 28.71 1233 28.71 1235 28.71 1234 