+==================================================+

1600 1 0 94131 612.5 94124 612.5 94131 612.5 9.413e+04 
1600 32 1 3713 612.5 3705 612.5 3715 612.5 3711 
1600 64 1 2046 612.5 2050 612.5 2049 612.5 2048 
1600 96 65 1467 612.5 1470 612.5 1467 612.5 1468 
1600 128 65 1227 612.5 1228 612.5 1225 612.5 1227 
1600 160 1 1123 612.5 1122 612.5 1266 612.5 1170 
1600 192 65 1035 612.5 1034 612.5 1034 612.5 1034 
1600 224 33 1089 612.5 1090 612.5 1089 612.5 1089 
1600 256 65 1044 612.5 1043 612.5 1044 612.5 1044 
1600 288 161 1040 612.5 1041 612.5 1040 612.5 1040 
1600 320 1 1150 612.5 1148 612.5 1150 612.5 1149 
1600 352 193 1078 612.5 1076 612.5 1078 612.5 1077 
1600 384 65 1072 612.5 1073 612.5 1072 612.5 1072 
1600 416 353 1128 612.5 1127 612.5 1128 612.5 1128 
1600 448 257 1109 612.5 1110 612.5 1109 612.5 1109 
1600 480 161 1083 612.5 1082 612.5 1082 612.5 1082 
1600 512 65 1093 612.5 1092 612.5 1093 612.5 1093 
1600 544 513 1303 612.5 1304 612.5 1304 612.5 1304 
1600 576 449 1211 612.5 1213 612.5 1211 612.5 1212 
1600 608 385 1222 612.5 1220 612.5 1222 612.5 1221 
1600 640 321 1186 612.5 1187 612.5 1185 612.5 1186 
1600 672 257 1171 612.5 1170 612.5 1170 612.5 1170 
1600 704 193 1167 612.5 1164 612.5 1168 612.5 1166 
1600 736 129 1156 612.5 1157 612.5 1156 612.5 1156 
1600 768 65 1166 612.5 1167 612.5 1165 612.5 1166 
1600 800 1 1855 612.5 1947 612.5 1852 612.5 1885 
1600 832 769 1845 612.5 1841 612.5 1845 612.5 1844 
1600 864 737 1499 612.5 1497 612.5 1499 612.5 1498 
1600 896 705 1505 612.5 1507 612.5 1504 612.5 1505 
1600 928 673 1501 612.5 1497 612.5 1500 612.5 1499 
1600 960 641 1503 612.5 1505 612.5 1502 612.5 1503 
1600 992 609 1527 612.5 1525 612.5 1527 612.5 1526 
1600 1024 577 1526 612.5 1528 612.5 1613 612.5 1556 
1600 1056 545 637 nan 636 nan 637 nan 636.7 
1600 1088 513 627 nan 627 nan 627 nan 627 
1600 1120 481 520 nan 519 nan 520 nan 519.7 
1600 1152 449 506 nan 506 nan 507 nan 506.3 
1600 1184 417 494 nan 495 nan 495 nan 494.7 
1600 1216 385 483 nan 484 nan 484 nan 483.7 
1600 1248 353 436 nan 435 nan 436 nan 435.7 
1600 1280 321 422 nan 423 nan 422 nan 422.3 
1600 1312 289 411 nan 410 nan 411 nan 410.7 
1600 1344 257 376 nan 377 nan 376 nan 376.3 
1600 1376 225 351 nan 351 nan 351 nan 351 
1600 1408 193 339 nan 339 nan 340 nan 339.3 
1600 1440 161 309 nan 310 nan 309 nan 309.3 
1600 1472 129 299 nan 299 nan 298 nan 298.7 
1600 1504 97 289 nan 289 nan 289 nan 289 
1600 1536 65 281 nan 282 nan 282 nan 281.7 
1600 1568 33 272 nan 273 nan 276 nan 273.7 
1600 1600 1 261 nan 261 nan 261 nan 261 

