1700 1 0 111728 111716 111735 111726.333
1700 32 5 4425 4416 4415 4418.667
1700 64 37 2396 2391 2397 2394.667
1700 96 69 1736 1740 1737 1737.667
1700 128 37 1469 1467 1469 1468.333
1700 160 101 1284 1282 1284 1283.333
1700 192 165 1187 1189 1187 1187.667
1700 224 133 1247 1245 1247 1246.333
1700 256 165 1197 1198 1197 1197.333
1700 288 261 1252 1237 1239 1242.667
1700 320 101 1310 1313 1311 1311.333
1700 352 293 1284 1282 1284 1283.333
1700 384 165 1230 1232 1230 1230.667
1700 416 37 1391 1389 1391 1390.333
1700 448 357 1307 1309 1308 1308.000
1700 480 261 1285 1286 1285 1285.333
1700 512 165 1254 1253 1254 1253.667
1700 544 69 1529 1531 1529 1529.667
1700 576 549 1505 1503 1501 1503.000
1700 608 485 1408 1406 1409 1407.667
1700 640 421 1407 1409 1408 1408.000
1700 672 357 1378 1376 1377 1377.000
1700 704 293 1386 1383 1385 1384.667
1700 736 229 1352 1355 1355 1354.000
1700 768 165 1337 1338 1338 1337.667
1700 800 101 2101 2097 2101 2099.667
1700 832 37 2115 2118 2115 2116.000
1700 864 837 2120 2118 2117 2118.333
1700 896 805 2117 2114 2118 2116.333
1700 928 773 2109 2113 2109 2110.333
1700 960 741 1721 1723 1882 1775.333
1700 992 709 1752 1754 1752 1752.667
1700 1024 677 1754 1751 1754 1753.000
