1800 1 0 132158 26.11 132154 26.11 132145 26.11 1.322e+05 
1800 32 9 5210 26.11 5223 26.11 5220 26.11 5218 
1800 64 9 2857 26.11 2864 26.11 2857 26.11 2859 
1800 96 73 2044 26.11 2041 26.11 2045 26.11 2043 
1800 128 9 1736 26.11 1740 26.11 1737 26.11 1738 
1800 160 41 1533 26.11 1530 26.11 1532 26.11 1532 
1800 192 73 1418 26.11 1420 26.11 1420 26.11 1419 
1800 224 9 1516 26.11 1518 26.11 1515 26.11 1516 
1800 256 9 1459 26.11 1459 26.11 1458 26.11 1459 
1800 288 73 1471 26.11 1469 26.11 1471 26.11 1470 
1800 320 201 1522 26.11 1520 26.11 1522 26.11 1521 
1800 352 41 1524 26.11 1525 26.11 1526 26.11 1525 
1800 384 265 1450 26.11 1452 26.11 1450 26.11 1451 
1800 416 137 1577 26.11 1577 26.11 1575 26.11 1576 
1800 448 9 1602 26.11 1600 26.11 1602 26.11 1601 
1800 480 361 1503 26.11 1504 26.11 1502 26.11 1503 
1800 512 265 1477 26.11 1476 26.11 1475 26.11 1476 
1800 544 169 1737 26.11 1735 26.11 1747 26.11 1740 
1800 576 73 1750 26.11 1746 26.11 1749 26.11 1748 
1800 608 585 1725 26.11 1725 26.11 1728 26.11 1726 
1800 640 521 1733 26.11 1736 26.11 1733 26.11 1734 
1800 672 457 1620 26.11 1619 26.11 1620 26.11 1620 
1800 704 393 1634 26.11 1630 26.11 1634 26.11 1633 
1800 736 329 1593 26.11 1596 26.11 1594 26.11 1594 
1800 768 265 1572 26.11 1571 26.11 1571 26.11 1571 
1800 800 201 2396 26.11 2393 26.11 2397 26.11 2395 
1800 832 137 2384 26.11 2381 26.11 2385 26.11 2383 
1800 864 73 2415 26.11 2411 26.11 2415 26.11 2414 
1800 896 9 2431 26.11 2435 26.11 2431 26.11 2432 
1800 928 873 2399 26.11 2393 26.11 2399 26.11 2397 
1800 960 841 2411 26.11 2416 26.11 2411 26.11 2413 
1800 992 809 2438 26.11 2433 26.11 2438 26.11 2436 
1800 1024 777 2438 26.11 2434 26.11 2439 26.11 2437 