1900 1 0 155657 40.92 155648 40.92 155652 40.92 1.557e+05 
1900 32 13 6093 40.92 6109 40.92 6105 40.92 6102 
1900 64 45 3286 40.92 3284 40.92 3292 40.92 3287 
1900 96 77 2381 40.92 2377 40.92 2380 40.92 2379 
1900 128 109 1954 40.92 1951 40.92 1954 40.92 1953 
1900 160 141 1727 40.92 1729 40.92 1727 40.92 1728 
1900 192 173 1609 40.92 1608 40.92 1610 40.92 1609 
1900 224 109 1708 40.92 1712 40.92 1708 40.92 1709 
1900 256 109 1647 40.92 1645 40.92 1644 40.92 1645 
1900 288 173 1666 40.92 1664 40.92 1666 40.92 1665 
1900 320 301 1781 40.92 1783 40.92 1781 40.92 1782 
1900 352 141 1721 40.92 1721 40.92 1719 40.92 1720 
1900 384 365 1690 40.92 1688 40.92 1690 40.92 1689 
1900 416 237 1816 40.92 1818 40.92 1816 40.92 1817 
1900 448 109 1805 40.92 1801 40.92 1805 40.92 1804 
1900 480 461 1761 40.92 1763 40.92 1761 40.92 1762 
1900 512 365 1717 40.92 1716 40.92 1717 40.92 1717 
1900 544 269 2012 40.92 2015 40.92 2013 40.92 2013 
1900 576 173 1973 40.92 1969 40.92 1972 40.92 1971 
1900 608 77 1994 40.92 1997 40.92 1993 40.92 1995 
1900 640 621 1968 40.92 1967 40.92 1966 40.92 1967 
1900 672 557 1977 40.92 1974 40.92 1977 40.92 1976 
1900 704 493 1856 40.92 1858 40.92 1855 40.92 1856 
1900 736 429 1866 40.92 1864 40.92 1867 40.92 1866 
1900 768 365 1820 40.92 1822 40.92 1822 40.92 1821 
1900 800 301 2745 40.92 2749 40.92 2749 40.92 2748 
1900 832 237 2706 40.92 2710 40.92 2705 40.92 2707 
1900 864 173 2710 40.92 2709 40.92 2705 40.92 2708 
1900 896 109 2725 40.92 2725 40.92 2720 40.92 2723 
1900 928 45 2723 40.92 2719 40.92 2723 40.92 2722 
1900 960 941 2722 40.92 2718 40.92 2723 40.92 2721 
1900 992 909 2748 40.92 2743 40.92 2748 40.92 2746 
1900 1024 877 2754 40.92 2760 40.92 2756 40.92 2757 