+==================================================+

200 1 209 82.93 212 82.93 212 82.93 
200 2 209 82.93 208 82.93 208 82.93 
200 3 208 82.93 208 82.93 208 82.93 
200 4 208 82.93 209 82.93 209 82.93 
200 5 208 82.93 209 82.93 212 82.93 
200 6 210 82.93 209 82.93 210 82.93 
200 7 208 82.93 208 82.93 209 82.93 
200 8 208 82.93 208 82.93 208 82.93 
200 9 208 82.93 208 82.93 208 82.93 
200 10 209 82.93 208 82.93 210 82.93 
200 11 209 82.93 208 82.93 208 82.93 
200 12 208 82.93 208 82.93 208 82.93 
200 13 208 82.93 209 82.93 208 82.93 
200 14 208 82.93 208 82.93 209 82.93 
200 15 208 82.93 208 82.93 209 82.93 
200 16 209 82.93 208 82.93 208 82.93 
200 17 208 82.93 208 82.93 208 82.93 
200 18 207 82.93 208 82.93 208 82.93 
200 19 207 82.93 209 82.93 208 82.93 
200 20 208 82.93 209 82.93 209 82.93 
200 21 208 82.93 208 82.93 208 82.93 
200 22 208 82.93 208 82.93 208 82.93 
200 23 208 82.93 208 82.93 208 82.93 
200 24 208 82.93 208 82.93 208 82.93 
200 25 208 82.93 209 82.93 208 82.93 
200 26 208 82.93 208 82.93 208 82.93 
200 27 208 82.93 208 82.93 209 82.93 
200 28 208 82.93 209 82.93 208 82.93 
200 29 209 82.93 208 82.93 208 82.93 
200 30 208 82.93 208 82.93 209 82.93 
200 31 208 82.93 209 82.93 209 82.93 
200 32 208 82.93 207 82.93 208 82.93 
200 33 209 82.93 208 82.93 208 82.93 
200 34 209 82.93 209 82.93 208 82.93 
200 35 207 82.93 208 82.93 208 82.93 
200 36 208 82.93 208 82.93 207 82.93 
200 37 209 82.93 208 82.93 208 82.93 
200 38 209 82.93 208 82.93 208 82.93 
200 39 212 82.93 211 82.93 212 82.93 
200 40 211 82.93 210 82.93 207 82.93 
200 41 209 82.93 208 82.93 209 82.93 
200 42 209 82.93 208 82.93 208 82.93 
200 43 209 82.93 208 82.93 209 82.93 
200 44 211 82.93 211 82.93 211 82.93 
200 45 211 82.93 209 82.93 208 82.93 
200 46 209 82.93 208 82.93 208 82.93 
200 47 207 82.93 208 82.93 209 82.93 
200 48 208 82.93 208 82.93 208 82.93 
200 49 208 82.93 208 82.93 208 82.93 
200 50 207 82.93 209 82.93 209 82.93 
200 51 208 82.93 209 82.93 208 82.93 
200 52 208 82.93 209 82.93 209 82.93 
200 53 208 82.93 208 82.93 209 82.93 
200 54 209 82.93 208 82.93 208 82.93 
200 55 208 82.93 209 82.93 211 82.93 
200 56 210 82.93 209 82.93 208 82.93 
200 57 208 82.93 210 82.93 208 82.93 
200 58 208 82.93 208 82.93 209 82.93 
200 59 208 82.93 208 82.93 209 82.93 
200 60 209 82.93 208 82.93 209 82.93 
200 61 209 82.93 209 82.93 208 82.93 
200 62 209 82.93 207 82.93 208 82.93 
200 63 208 82.93 208 82.93 209 82.93 
200 64 208 82.93 208 82.93 208 82.93 
200 65 208 82.93 209 82.93 208 82.93 
200 66 209 82.93 209 82.93 208 82.93 
200 67 209 82.93 208 82.93 208 82.93 

+==================================================+

200 1 213 82.93 209 82.93 214 82.93 
200 2 210 82.93 213 82.93 212 82.93 
200 3 213 82.93 212 82.93 212 82.93 
200 4 212 82.93 208 82.93 207 82.93 
200 5 211 82.93 212 82.93 208 82.93 
200 6 208 82.93 208 82.93 216 82.93 
200 7 209 82.93 208 82.93 209 82.93 
200 8 208 82.93 213 82.93 210 82.93 
200 9 209 82.93 211 82.93 208 82.93 
200 10 211 82.93 209 82.93 208 82.93 
200 11 209 82.93 208 82.93 208 82.93 
200 12 208 82.93 209 82.93 211 82.93 
200 13 212 82.93 208 82.93 209 82.93 
200 14 208 82.93 211 82.93 208 82.93 
200 15 212 82.93 211 82.93 208 82.93 
200 16 211 82.93 211 82.93 208 82.93 
200 17 211 82.93 208 82.93 208 82.93 
200 18 209 82.93 208 82.93 208 82.93 
200 19 208 82.93 208 82.93 213 82.93 
200 20 210 82.93 208 82.93 214 82.93 
200 21 211 82.93 209 82.93 208 82.93 
200 22 208 82.93 212 82.93 213 82.93 
200 23 213 82.93 210 82.93 211 82.93 
200 24 211 82.93 210 82.93 208 82.93 
200 25 207 82.93 208 82.93 212 82.93 
200 26 209 82.93 208 82.93 208 82.93 
200 27 209 82.93 207 82.93 208 82.93 
200 28 208 82.93 210 82.93 208 82.93 
200 29 208 82.93 208 82.93 207 82.93 
200 30 208 82.93 208 82.93 208 82.93 
200 31 208 82.93 208 82.93 207 82.93 
200 32 208 82.93 208 82.93 208 82.93 
200 33 209 82.93 208 82.93 208 82.93 
200 34 209 82.93 209 82.93 210 82.93 
200 35 215 82.93 211 82.93 209 82.93 
200 36 210 82.93 209 82.93 215 82.93 
200 37 212 82.93 209 82.93 208 82.93 
200 38 208 82.93 209 82.93 208 82.93 
200 39 208 82.93 208 82.93 208 82.93 
200 40 208 82.93 208 82.93 208 82.93 
200 41 209 82.93 211 82.93 212 82.93 
200 42 208 82.93 208 82.93 207 82.93 
200 43 208 82.93 207 82.93 208 82.93 
200 44 210 82.93 210 82.93 208 82.93 
200 45 208 82.93 208 82.93 208 82.93 
200 46 208 82.93 211 82.93 210 82.93 
200 47 208 82.93 208 82.93 207 82.93 
200 48 208 82.93 207 82.93 208 82.93 
200 49 207 82.93 210 82.93 208 82.93 
200 50 208 82.93 211 82.93 217 82.93 
200 51 211 82.93 210 82.93 209 82.93 
200 52 213 82.93 213 82.93 209 82.93 
200 53 213 82.93 212 82.93 210 82.93 
200 54 215 82.93 210 82.93 209 82.93 
200 55 211 82.93 209 82.93 208 82.93 
200 56 207 82.93 208 82.93 211 82.93 
200 57 207 82.93 208 82.93 208 82.93 
200 58 207 82.93 208 82.93 208 82.93 
200 59 208 82.93 208 82.93 216 82.93 
200 60 221 82.93 213 82.93 214 82.93 
200 61 212 82.93 211 82.93 211 82.93 
200 62 209 82.93 211 82.93 211 82.93 
200 63 207 82.93 209 82.93 208 82.93 
200 64 211 82.93 210 82.93 211 82.93 
200 65 211 82.93 211 82.93 214 82.93 
200 66 212 82.93 210 82.93 211 82.93 
200 67 211 82.93 210 82.93 208 82.93 

+==================================================+

200 1 208 82.93 209 82.93 208 82.93 
200 32 37 82.93 37 82.93 37 82.93 
200 64 34 82.93 34 82.93 34 82.93 

+==================================================+

200 1 209 82.93 209 82.93 209 82.93 209 
200 32 37 82.93 39 82.93 37 82.93 37.67 
200 64 35 82.93 36 82.93 35 82.93 35.33 

+==================================================+

200 1 208 82.93 210 82.93 219 82.93 212.3 
200 32 38 82.93 37 82.93 38 82.93 37.67 
200 64 34 82.93 35 82.93 34 82.93 34.33 
200 96 34 82.93 34 82.93 34 82.93 34 
200 128 33 82.93 33 82.93 32 82.93 32.67 
200 160 33 82.93 33 82.93 33 82.93 33 
200 192 33 82.93 40 82.93 33 82.93 35.33 

+==================================================+

200 1 202 82.93 204 82.93 203 82.93 203 
200 32 32 82.93 31 82.93 31 82.93 31.33 
200 64 29 82.93 28 82.93 29 82.93 28.67 
200 96 28 82.93 29 82.93 28 82.93 28.33 
200 128 27 82.93 26 82.93 28 82.93 27 
200 160 26 82.93 28 82.93 28 82.93 27.33 
200 192 26 82.93 28 82.93 27 82.93 27 

