2000 1 0 182029 18.93 182022 18.93 182027 18.93 1.82e+05 
2000 32 17 7090 18.93 7090 18.93 7089 18.93 7090 
2000 64 17 3858 18.93 3855 18.93 3863 18.93 3859 
2000 96 81 2747 18.93 2752 18.93 2747 18.93 2749 
2000 128 81 2281 18.93 2278 18.93 2281 18.93 2280 
2000 160 81 2022 18.93 2025 18.93 2021 18.93 2023 
2000 192 81 1891 18.93 1893 18.93 1891 18.93 1892 
2000 224 209 1960 18.93 1960 18.93 1957 18.93 1959 
2000 256 209 1887 18.93 1885 18.93 1887 18.93 1886 
2000 288 273 1932 18.93 1934 18.93 1932 18.93 1933 
2000 320 81 2077 18.93 2074 18.93 2077 18.93 2076 
2000 352 241 1970 18.93 1974 18.93 1971 18.93 1972 
2000 384 81 1969 18.93 1967 18.93 1969 18.93 1968 
2000 416 337 2105 18.93 2108 18.93 2108 18.93 2107 
2000 448 209 2058 18.93 2061 18.93 2058 18.93 2059 
2000 480 81 2045 18.93 2047 18.93 2045 18.93 2046 
2000 512 465 1996 18.93 1994 18.93 1997 18.93 1996 
2000 544 369 2305 18.93 2308 18.93 2306 18.93 2306 
2000 576 273 2272 18.93 2271 18.93 2268 18.93 2270 
2000 608 177 2239 18.93 2237 18.93 2236 18.93 2237 
2000 640 81 2254 18.93 2252 18.93 2251 18.93 2252 
2000 672 657 2233 18.93 2229 18.93 2232 18.93 2231 
2000 704 593 2237 18.93 2242 18.93 2238 18.93 2239 
2000 736 529 2259 18.93 2255 18.93 2259 18.93 2258 
2000 768 465 2112 18.93 2111 18.93 2112 18.93 2112 
2000 800 401 3131 18.93 3130 18.93 3135 18.93 3132 
2000 832 337 3089 18.93 3084 18.93 3090 18.93 3088 
2000 864 273 3078 18.93 3083 18.93 3077 18.93 3079 
2000 896 209 3074 18.93 3073 18.93 3070 18.93 3072 
2000 928 145 3034 18.93 3028 18.93 3034 18.93 3032 
2000 960 81 3049 18.93 3055 18.93 3052 18.93 3052 
2000 992 17 3134 18.93 3138 18.93 3134 18.93 3135 
2000 1024 977 3115 18.93 3113 18.93 3111 18.93 3113 