2100 1 0 209956 209946 209937
2100 32 21 8160 8161 8164
2100 64 53 4376 4375 4384
2100 96 85 3157 3163 3158
2100 128 53 2641 2636 2640
2100 160 21 2363 2361 2364
2100 192 181 2119 2117 2120
2100 224 85 2271 2275 2271
2100 256 53 2206 2205 2204
2100 288 85 2246 2245 2243
2100 320 181 2323 2320 2323
2100 352 341 2277 2280 2280
2100 384 181 2201 2204 2204
2100 416 21 2514 2518 2516
2100 448 309 2371 2375 2373
2100 480 181 2288 2290 2288
2100 512 53 2315 2313 2316
2100 544 469 2646 2644 2646
2100 576 373 2584 2589 2589
2100 608 277 2558 2562 2561
2100 640 181 2514 2516 2515
2100 672 85 2537 2541 2540
2100 704 693 2525 2530 2529
2100 736 629 2529 2533 2532
2100 768 565 2535 2537 2535
2100 800 501 3487 3492 3492
2100 832 437 3495 3501 3495
2100 864 373 3474 3469 3474
2100 896 309 3477 3482 3478
2100 928 245 3407 3401 3407
2100 960 181 3387 3392 3387
2100 992 117 3472 3471 3468
2100 1024 53 3493 3486 3492
