2200 1 0 241531 35.62 2.415e+05 
2200 32 25 9353 35.62 9353 
2200 64 25 5068 35.62 5068 
2200 96 89 3609 35.62 3603 35.62 3610 35.62 3607 
2200 128 25 3034 35.62 3039 35.62 3033 35.62 3035 
2200 160 121 2619 35.62 2619 35.62 2616 35.62 2618 
2200 192 89 2465 35.62 2465 35.62 2463 35.62 2464 
2200 224 185 2535 35.62 2531 35.62 2534 35.62 2533 
2200 256 153 2450 35.62 2452 35.62 2449 35.62 2450 
2200 288 185 2505 35.62 2504 35.62 2502 35.62 2504 
2200 320 281 2658 35.62 2655 35.62 2658 35.62 2657 
2200 352 89 2626 35.62 2623 35.62 2627 35.62 2625 
2200 384 281 2528 35.62 2526 35.62 2529 35.62 2528 
2200 416 121 2786 35.62 2783 35.62 2786 35.62 2785 
2200 448 409 2725 35.62 2730 35.62 2730 35.62 2728 
2200 480 281 2620 35.62 2624 35.62 2623 35.62 2622 
2200 512 153 2570 35.62 2573 35.62 2570 35.62 2571 
2200 544 25 3215 35.62 3214 35.62 3212 35.62 3214 
2200 576 473 2956 35.62 2952 35.62 2957 35.62 2955 
2200 608 377 2903 35.62 2909 35.62 2903 35.62 2905 
2200 640 281 2869 35.62 2867 35.62 2867 35.62 2868 
2200 672 185 2825 35.62 2825 35.62 2822 35.62 2824 
2200 704 89 2859 35.62 2852 35.62 2859 35.62 2857 