+==================================================+

2300 1 0 276958 69.45 2.77e+05 
2300 32 29 10654 69.45 1.065e+04 
2300 64 61 5702 69.45 5702 
2300 96 93 4096 69.45 4094 69.45 4102 69.45 4097 
2300 128 125 3349 69.45 3355 69.45 3349 69.45 3351 
2300 160 61 3025 69.45 3025 69.45 3021 69.45 3024 
2300 192 189 2746 69.45 2743 69.45 2745 69.45 2745 
2300 224 61 2965 69.45 2962 69.45 2966 69.45 2964 
2300 256 253 2776 69.45 2779 69.45 2777 69.45 2777 
2300 288 285 2862 69.45 2864 69.45 2865 69.45 2864 
2300 320 61 3102 69.45 3107 69.45 3103 69.45 3104 
2300 352 189 2921 69.45 2921 69.45 2918 69.45 2920 
2300 384 381 2880 69.45 2876 69.45 2879 69.45 2878 
2300 416 221 3138 69.45 3135 69.45 3138 69.45 3137 
2300 448 61 3125 69.45 3130 69.45 3125 69.45 3127 
2300 480 381 2982 69.45 2981 69.45 2979 69.45 2981 
2300 512 253 2909 69.45 2905 69.45 2908 69.45 2907 
2300 544 125 3543 69.45 3542 69.45 3545 69.45 3543 
2300 576 573 3478 69.45 3485 69.45 3478 69.45 3480 
2300 608 477 3314 69.45 3309 69.45 3315 69.45 3313 
2300 640 381 3248 69.45 3245 69.45 3248 69.45 3247 
2300 672 285 3209 69.45 3213 69.45 3209 69.45 3210 
2300 704 189 3172 69.45 3163 69.45 3172 69.45 3169 
2300 736 93 3195 69.45 3200 69.45 3199 69.45 3198 

