2400 1 0 317588 317588 317588
2400 32 1 12227 12227 12227
2400 64 33 6501 6501 6501
2400 96 1 4770 4765 4761
2400 128 97 3818 3811 3818
2400 160 1 3461 3466 3461
2400 192 97 3139 3135 3138
2400 224 161 3262 3264 3262
2400 256 97 3171 3172 3168
2400 288 97 3261 3258 3261
2400 320 161 3419 3416 3415
2400 352 289 3359 3358 3354
2400 384 97 3266 3261 3264
2400 416 321 3551 3556 3551
2400 448 161 3444 3439 3445
2400 480 1 3486 3490 3490
2400 512 353 3310 3313 3309
2400 544 225 3948 3944 3947
2400 576 97 3915 3923 3923
2400 608 577 3884 3876 3884
2400 640 481 3678 3675 3679
2400 672 385 3689 3694 3689
2400 704 289 3633 3633 3624
2400 736 193 3572 3572 3572
2400 768 97 3543 3547 3543
2400 800 1 5822 5818 5813
