2500 1 0 354952 354952 354952 354952.000
2500 32 5 13752 13752 13752 13752.000
2500 64 5 7420 7420 7420 7420.000
2500 96 5 5354 5352 5346 5350.667
2500 128 69 4327 4322 4319 4322.667
2500 160 101 3790 3784 3790 3788.000
2500 192 5 3595 3600 3600 3598.333
2500 224 37 3775 3773 3778 3775.333
2500 256 197 3532 3533 3532 3532.333
2500 288 197 3633 3631 3635 3633.000
2500 320 261 3843 3849 3843 3845.000
2500 352 37 3822 3821 3817 3820.000
2500 384 197 3634 3639 3639 3637.333
2500 416 5 4136 4135 4139 4136.667
2500 448 261 3868 3875 3868 3870.333
2500 480 101 3814 3810 3814 3812.667
2500 512 453 3741 3741 3745 3742.333
2500 544 325 4429 4433 4429 4430.333
2500 576 197 4348 4340 4348 4345.333
2500 608 69 4347 4343 4350 4346.667
2500 640 581 4278 4283 4278 4279.667
2500 672 485 4067 4071 4067 4068.333
2500 704 389 4097 4096 4096 4096.333
2500 736 293 4019 4025 4020 4021.333
2500 768 197 3942 3942 3939 3941.000
2500 800 101 6326 6321 6319 6322.000
2500 832 5 6378 6391 6391 6386.667
