+==================================================+

300 1 658 13.62 655 13.62 658 13.62 
300 2 669 13.62 663 13.62 659 13.62 
300 3 658 13.62 656 13.62 660 13.62 
300 4 657 13.62 656 13.62 660 13.62 
300 5 660 13.62 658 13.62 657 13.62 
300 6 656 13.62 654 13.62 658 13.62 
300 7 658 13.62 654 13.62 656 13.62 
300 8 656 13.62 654 13.62 660 13.62 
300 9 657 13.62 654 13.62 656 13.62 
300 10 654 13.62 654 13.62 659 13.62 
300 11 659 13.62 660 13.62 657 13.62 
300 12 669 13.62 664 13.62 664 13.62 
300 13 659 13.62 660 13.62 657 13.62 
300 14 659 13.62 658 13.62 661 13.62 
300 15 664 13.62 661 13.62 658 13.62 
300 16 661 13.62 662 13.62 657 13.62 
300 17 656 13.62 656 13.62 656 13.62 
300 18 655 13.62 655 13.62 654 13.62 
300 19 656 13.62 653 13.62 654 13.62 
300 20 654 13.62 653 13.62 654 13.62 
300 21 655 13.62 653 13.62 655 13.62 
300 22 658 13.62 658 13.62 654 13.62 
300 23 653 13.62 654 13.62 654 13.62 
300 24 654 13.62 655 13.62 656 13.62 
300 25 655 13.62 655 13.62 654 13.62 
300 26 654 13.62 653 13.62 654 13.62 
300 27 655 13.62 660 13.62 656 13.62 
300 28 655 13.62 655 13.62 653 13.62 
300 29 655 13.62 656 13.62 656 13.62 
300 30 655 13.62 655 13.62 655 13.62 
300 31 653 13.62 660 13.62 655 13.62 
300 32 654 13.62 654 13.62 656 13.62 
300 33 655 13.62 655 13.62 655 13.62 
300 34 655 13.62 658 13.62 655 13.62 
300 35 655 13.62 653 13.62 655 13.62 
300 36 653 13.62 654 13.62 654 13.62 
300 37 653 13.62 653 13.62 655 13.62 
300 38 655 13.62 655 13.62 653 13.62 
300 39 654 13.62 654 13.62 654 13.62 
300 40 654 13.62 653 13.62 653 13.62 
300 41 655 13.62 655 13.62 655 13.62 
300 42 658 13.62 659 13.62 657 13.62 
300 43 653 13.62 653 13.62 654 13.62 
300 44 654 13.62 656 13.62 656 13.62 
300 45 656 13.62 654 13.62 655 13.62 
300 46 653 13.62 653 13.62 654 13.62 
300 47 656 13.62 653 13.62 653 13.62 
300 48 660 13.62 660 13.62 653 13.62 
300 49 654 13.62 654 13.62 660 13.62 
300 50 659 13.62 657 13.62 656 13.62 
300 51 655 13.62 656 13.62 656 13.62 
300 52 656 13.62 656 13.62 653 13.62 
300 53 653 13.62 653 13.62 653 13.62 
300 54 656 13.62 654 13.62 654 13.62 
300 55 654 13.62 657 13.62 661 13.62 
300 56 667 13.62 659 13.62 656 13.62 
300 57 655 13.62 655 13.62 656 13.62 
300 58 655 13.62 656 13.62 656 13.62 
300 59 655 13.62 656 13.62 658 13.62 
300 60 656 13.62 661 13.62 660 13.62 
300 61 659 13.62 655 13.62 655 13.62 
300 62 656 13.62 655 13.62 655 13.62 
300 63 657 13.62 655 13.62 655 13.62 
300 64 654 13.62 658 13.62 659 13.62 
300 65 661 13.62 659 13.62 654 13.62 
300 66 665 13.62 663 13.62 665 13.62 
300 67 659 13.62 656 13.62 660 13.62 
300 68 659 13.62 660 13.62 655 13.62 
300 69 658 13.62 666 13.62 659 13.62 
300 70 657 13.62 658 13.62 657 13.62 
300 71 653 13.62 656 13.62 656 13.62 
300 72 655 13.62 656 13.62 656 13.62 
300 73 656 13.62 656 13.62 654 13.62 
300 74 654 13.62 653 13.62 654 13.62 
300 75 655 13.62 655 13.62 656 13.62 
300 76 655 13.62 659 13.62 659 13.62 
300 77 656 13.62 655 13.62 658 13.62 
300 78 656 13.62 653 13.62 654 13.62 
300 79 656 13.62 656 13.62 656 13.62 
300 80 655 13.62 654 13.62 656 13.62 
300 81 657 13.62 656 13.62 654 13.62 
300 82 654 13.62 658 13.62 655 13.62 
300 83 655 13.62 655 13.62 655 13.62 
300 84 653 13.62 654 13.62 653 13.62 
300 85 654 13.62 657 13.62 655 13.62 
300 86 655 13.62 655 13.62 655 13.62 
300 87 657 13.62 656 13.62 658 13.62 
300 88 658 13.62 657 13.62 658 13.62 
300 89 657 13.62 658 13.62 662 13.62 
300 90 654 13.62 662 13.62 663 13.62 
300 91 656 13.62 655 13.62 656 13.62 
300 92 660 13.62 661 13.62 665 13.62 
300 93 655 13.62 654 13.62 658 13.62 
300 94 656 13.62 655 13.62 653 13.62 
300 95 659 13.62 660 13.62 660 13.62 
300 96 658 13.62 655 13.62 655 13.62 
300 97 656 13.62 655 13.62 655 13.62 
300 98 658 13.62 657 13.62 654 13.62 
300 99 654 13.62 654 13.62 655 13.62 
300 100 659 13.62 657 13.62 659 13.62 

+==================================================+

300 1 656 13.62 656 13.62 656 13.62 
300 32 70 13.62 70 13.62 69 13.62 
300 64 65 13.62 61 13.62 59 13.62 
300 96 57 13.62 57 13.62 57 13.62 

+==================================================+

300 1 661 13.62 664 13.62 657 13.62 660.7 
300 32 70 13.62 72 13.62 72 13.62 71.33 
300 64 59 13.62 59 13.62 58 13.62 58.67 
300 96 57 13.62 57 13.62 63 13.62 59 

+==================================================+

300 1 656 13.62 667 13.62 659 13.62 660.7 
300 32 75 13.62 75 13.62 75 13.62 75 
300 64 65 13.62 65 13.62 69 13.62 66.33 
300 96 62 13.62 57 13.62 56 13.62 58.33 
300 128 54 13.62 54 13.62 54 13.62 54 
300 160 52 13.62 52 13.62 52 13.62 52 
300 192 52 13.62 61 13.62 52 13.62 55 
300 224 58 13.62 54 13.62 53 13.62 55 
300 256 54 13.62 53 13.62 54 13.62 53.67 
300 288 55 13.62 54 13.62 55 13.62 54.67 

+==================================================+

300 1 648 13.62 648 13.62 649 13.62 648.3 
300 32 61 13.62 61 13.62 61 13.62 61 
300 64 51 13.62 50 13.62 51 13.62 50.67 
300 96 49 13.62 48 13.62 48 13.62 48.33 
300 128 46 13.62 46 13.62 47 13.62 46.33 
300 160 44 13.62 44 13.62 44 13.62 44 
300 192 47 13.62 44 13.62 45 13.62 45.33 
300 224 45 13.62 46 13.62 45 13.62 45.33 
300 256 46 13.62 45 13.62 46 13.62 45.67 
300 288 48 13.62 46 13.62 46 13.62 46.67 

