3000 1 0 612458 612458 612458
3000 32 25 23503 23503 23503
3000 64 57 12479 12479 12479
3000 96 25 9052 9055 9045
3000 128 57 7330 7329 7326
3000 160 121 6351 6361 6361
3000 192 121 5884 5883 5882
3000 224 89 6276 6275 6275
3000 256 185 5877 5877 5874
3000 288 121 6109 6116 6115
3000 320 121 6532 6531 6530
3000 352 185 6214 6223 6222
3000 384 313 6135 6135 6131
3000 416 89 6802 6800 6808
3000 448 313 6554 6553 6551
3000 480 121 6368 6366 6372
3000 512 441 6276 6276 6276
3000 544 281 7471 7474 7473
3000 576 121 7375 7377 7373
3000 608 569 7337 7336 7340
3000 640 441 7011 7013 7012
3000 672 313 6907 6908 6908
3000 704 185 6778 6770 6770
3000 736 57 6857 6854 6858
3000 768 697 6759 6765 6766
3000 800 601 10116 10108 10113
3000 832 505 9837 9836 9827
3000 864 409 9921 9925 9917
3000 896 313 9804 9810 9810
3000 928 217 9623 9617 9620
3000 960 121 9652 9643 9649
3000 992 25 9909 9916 9914
