400 1 1512 719.8 1515 719.8 1509 719.8 1512 
400 32 110 719.8 109 719.8 109 719.8 109.3 
400 64 85 719.8 85 719.8 85 719.8 85 
400 96 76 719.8 77 719.8 77 719.8 76.67 
400 128 73 719.8 73 719.8 72 719.8 72.67 
400 160 69 719.8 69 719.8 69 719.8 69 
400 192 70 719.8 70 719.8 70 719.8 70 
400 224 66 719.8 66 719.8 66 719.8 66 
400 256 66 719.8 66 719.8 68 719.8 66.67 
400 288 67 719.8 68 719.8 69 719.8 68 
400 320 69 719.8 69 719.8 70 719.8 69.33 
400 352 70 719.8 70 719.8 70 719.8 70 
400 384 71 719.8 71 719.8 70 719.8 70.67 