4000 1 0 1470072 1470072 1470072
4000 32 1 55451 55451 55451
4000 64 33 29104 29104 29104
4000 96 65 20566 20563 20571
4000 128 33 16730 16731 16732
4000 160 1 14763 14764 14762
4000 192 161 13352 13351 13354
4000 224 193 14231 14230 14229
4000 256 161 13483 13484 13483
4000 288 257 13935 13934 13934
4000 320 161 14799 14799 14799
4000 352 129 14312 14312 14311
4000 384 161 13838 13837 13841
4000 416 257 15331 15333 15333
4000 448 417 14967 14972 14967
4000 480 161 14408 14407 14406
4000 512 417 14268 14266 14267
4000 544 193 17338 17339 17333
4000 576 545 17108 17112 17113
4000 608 353 16355 16356 16358
4000 640 161 16006 16007 16006
4000 672 641 16014 16016 16016
4000 704 481 15536 15535 15535
4000 736 321 15323 15325 15323
4000 768 161 15017 15019 15016
4000 800 1 25238 25243 25243
4000 832 673 23030 23033 23032
4000 864 545 23217 23207 23208
4000 896 417 22653 22654 22654
4000 928 289 22274 22272 22278
4000 960 161 22161 22161 22163
4000 992 33 22790 22790 22786
4000 1024 929 22449 22456 22456
