500 1 2904 34.49 2908 34.49 2908 34.49 2907 
500 32 177 34.49 178 34.49 178 34.49 177.7 
500 64 127 34.49 127 34.49 127 34.49 127 
500 96 115 34.49 125 34.49 114 34.49 118 
500 128 101 34.49 102 34.49 103 34.49 102 
500 160 104 34.49 103 34.49 102 34.49 103 
500 192 97 34.49 96 34.49 97 34.49 96.67 
500 224 101 34.49 100 34.49 100 34.49 100.3 
500 256 95 34.49 96 34.49 95 34.49 95.33 
500 288 96 34.49 96 34.49 98 34.49 96.67 
500 320 97 34.49 97 34.49 97 34.49 97 
500 352 98 34.49 98 34.49 98 34.49 98 
500 384 98 34.49 99 34.49 99 34.49 98.67 
500 416 103 34.49 102 34.49 102 34.49 102.3 
500 448 104 34.49 103 34.49 104 34.49 103.7 
500 480 104 34.49 104 34.49 104 34.49 104 