5000 1 0 2831390 2831390 2831390
5000 32 9 107549 107549 107549
5000 64 9 56661 56661 56661
5000 96 9 40142 40146 40139
5000 128 9 32345 32347 32344
5000 160 41 28045 28047 28047
5000 192 9 25881 25882 25882
5000 224 73 27415 27418 27420
5000 256 137 25688 25686 25685
5000 288 105 26627 26627 26627
5000 320 201 28487 28485 28485
5000 352 73 27527 27526 27526
5000 384 9 26817 26819 26818
5000 416 9 30021 30020 30021
5000 448 73 28659 28664 28663
5000 480 201 27570 27570 27568
5000 512 393 27168 27168 27165
5000 544 105 33573 33575 33578
5000 576 393 32320 32323 32327
5000 608 137 31541 31541 31542
5000 640 521 31380 31384 31376
5000 672 297 30128 30126 30129
5000 704 73 29997 30010 29997
5000 736 585 29866 29860 29866
5000 768 393 28984 28986 28990
5000 800 201 47023 47017 47021
5000 832 9 47325 47338 47336
5000 864 681 43993 43991 44002
5000 896 521 44075 44076 44076
5000 928 361 42436 42442 42438
5000 960 201 42528 42535 42531
5000 992 41 43639 43640 43636
5000 1024 905 43255 43260 43259
