+==================================================+

600 1 5008 774.5 
600 2 5008 774.5 
600 3 4999 774.5 
600 4 5009 774.5 
600 5 5011 774.5 
600 6 5009 774.5 
600 7 5000 774.5 
600 8 5009 774.5 
600 9 4999 774.5 
600 10 4998 774.5 
600 11 5009 774.5 
600 12 5006 774.5 
600 13 5009 774.5 
600 14 5012 774.5 
600 15 5000 774.5 
600 16 4998 774.5 
600 17 5007 774.5 
600 18 5010 774.5 
600 19 5008 774.5 
600 20 5006 774.5 
600 21 5011 774.5 
600 22 5010 774.5 
600 23 5008 774.5 
600 24 5009 774.5 
600 25 5010 774.5 
600 26 5011 774.5 
600 27 5004 774.5 
600 28 5009 774.5 
600 29 5009 774.5 
600 30 5000 774.5 
600 31 5015 774.5 
600 32 5011 774.5 
600 33 5009 774.5 
600 34 4999 774.5 
600 35 5009 774.5 
600 36 4999 774.5 
600 37 4999 774.5 
600 38 5004 774.5 
600 39 5010 774.5 
600 40 5000 774.5 
600 41 5005 774.5 
600 42 5007 774.5 
600 43 4998 774.5 
600 44 5008 774.5 
600 45 5010 774.5 
600 46 4999 774.5 
600 47 5004 774.5 
600 48 5009 774.5 
600 49 5006 774.5 
600 50 5008 774.5 
600 51 5006 774.5 
600 52 4999 774.5 
600 53 5001 774.5 
600 54 4999 774.5 
600 55 5009 774.5 
600 56 5002 774.5 
600 57 5002 774.5 
600 58 5010 774.5 
600 59 5002 774.5 
600 60 5008 774.5 
600 61 5009 774.5 
600 62 5000 774.5 
600 63 5004 774.5 
600 64 5007 774.5 
600 65 5010 774.5 
600 66 4999 774.5 
600 67 4999 774.5 
600 68 5001 774.5 
600 69 5010 774.5 
600 70 5005 774.5 
600 71 5009 774.5 
600 72 5002 774.5 
600 73 5008 774.5 
600 74 4999 774.5 
600 75 5005 774.5 
600 76 5008 774.5 
600 77 5012 774.5 
600 78 4999 774.5 
600 79 5000 774.5 
600 80 5001 774.5 
600 81 5011 774.5 
600 82 5006 774.5 
600 83 4999 774.5 
600 84 4999 774.5 
600 85 5008 774.5 
600 86 5002 774.5 
600 87 5010 774.5 
600 88 5008 774.5 
600 89 4995 774.5 
600 90 5006 774.5 
600 91 5003 774.5 
600 92 4996 774.5 
600 93 5013 774.5 
600 94 5005 774.5 
600 95 5015 774.5 
600 96 5003 774.5 
600 97 5005 774.5 
600 98 5000 774.5 
600 99 4998 774.5 
600 100 5004 774.5 
600 101 4998 774.5 
600 102 5001 774.5 
600 103 4997 774.5 
600 104 5000 774.5 
600 105 4996 774.5 
600 106 4998 774.5 
600 107 5001 774.5 
600 108 4998 774.5 
600 109 5006 774.5 
600 110 5003 774.5 
600 111 5003 774.5 
600 112 4996 774.5 
600 113 5002 774.5 
600 114 5004 774.5 
600 115 4999 774.5 
600 116 5006 774.5 
600 117 5004 774.5 
600 118 4994 774.5 
600 119 5003 774.5 
600 120 5006 774.5 
600 121 4996 774.5 
600 122 5004 774.5 
600 123 5006 774.5 
600 124 4997 774.5 
600 125 5007 774.5 
600 126 4998 774.5 
600 127 4997 774.5 
600 128 5001 774.5 
600 129 5007 774.5 
600 130 5004 774.5 
600 131 5007 774.5 
600 132 4999 774.5 
600 133 5003 774.5 
600 134 5006 774.5 
600 135 5006 774.5 
600 136 4997 774.5 
600 137 5005 774.5 
600 138 4995 774.5 
600 139 5002 774.5 
600 140 4998 774.5 
600 141 4995 774.5 
600 142 4997 774.5 
600 143 4997 774.5 
600 144 5004 774.5 
600 145 5000 774.5 
600 146 4995 774.5 
600 147 5006 774.5 
600 148 5005 774.5 
600 149 4998 774.5 
600 150 5000 774.5 
600 151 4997 774.5 
600 152 5005 774.5 
600 153 5008 774.5 
600 154 4996 774.5 
600 155 5006 774.5 
600 156 5003 774.5 
600 157 5000 774.5 
600 158 5009 774.5 
600 159 5006 774.5 
600 160 5013 774.5 
600 161 4997 774.5 
600 162 5007 774.5 
600 163 5008 774.5 
600 164 5005 774.5 
600 165 5007 774.5 
600 166 5006 774.5 
600 167 4998 774.5 
600 168 5006 774.5 
600 169 5005 774.5 
600 170 4999 774.5 
600 171 5005 774.5 
600 172 4999 774.5 
600 173 5006 774.5 
600 174 5004 774.5 
600 175 5002 774.5 
600 176 5002 774.5 
600 177 5006 774.5 
600 178 5007 774.5 
600 179 5006 774.5 
600 180 4999 774.5 
600 181 4997 774.5 
600 182 4994 774.5 
600 183 4995 774.5 
600 184 4994 774.5 
600 185 4997 774.5 
600 186 5007 774.5 
600 187 5000 774.5 
600 188 4997 774.5 
600 189 5008 774.5 
600 190 5007 774.5 
600 191 5012 774.5 
600 192 5002 774.5 
600 193 4994 774.5 
600 194 5001 774.5 
600 195 4998 774.5 
600 196 5006 774.5 
600 197 4996 774.5 
600 198 5006 774.5 
600 199 4996 774.5 
600 200 4998 774.5 

+==================================================+

600 1 5011 774.5 4998 774.5 4989 774.5 4999 
600 32 272 774.5 272 774.5 271 774.5 271.7 
600 64 189 774.5 188 774.5 189 774.5 188.7 
600 96 162 774.5 162 774.5 162 774.5 162 
600 128 144 774.5 144 774.5 144 774.5 144 
600 160 138 774.5 137 774.5 136 774.5 137 
600 192 139 774.5 138 774.5 138 774.5 138.3 
600 224 133 774.5 133 774.5 133 774.5 133 
600 256 135 774.5 135 774.5 135 774.5 135 
600 288 140 774.5 140 774.5 140 774.5 140 
600 320 134 774.5 134 774.5 134 774.5 134 
600 352 133 774.5 133 774.5 134 774.5 133.3 
600 384 134 774.5 134 774.5 134 774.5 134 
600 416 137 774.5 137 774.5 138 774.5 137.3 
600 448 137 774.5 138 774.5 138 774.5 137.7 
600 480 138 774.5 137 774.5 138 774.5 137.7 
600 512 139 774.5 138 774.5 139 774.5 138.7 
600 544 157 774.5 153 774.5 153 774.5 154.3 
600 576 154 774.5 154 774.5 155 774.5 154.3 

