6000 32 17 184787 184787 184787 184787.000
6000 64 49 96548 96548 96548 96548.000
6000 96 49 68139 68146 68146 68143.667
6000 128 113 54383 54384 54384 54383.667
6000 160 81 47447 47450 47450 47449.000
6000 192 49 43770 43765 43765 43766.667
6000 224 177 46215 46210 46210 46211.667
6000 256 113 43838 43840 43840 43839.333
6000 288 241 45060 45062 45062 45061.333
6000 320 241 48395 48401 48401 48399.000
6000 352 17 47157 47159 47159 47158.333
6000 384 241 44758 44758 44758 44758.000
6000 416 177 50000 50005 50005 50003.333
6000 448 177 48168 48170 48170 48169.333
6000 480 241 46736 46733 46733 46734.000
6000 512 369 45629 45629 45629 45629.000
6000 544 17 57997 57994 57994 57995.000
6000 576 241 54841 54843 54843 54842.333
6000 608 529 54652 54654 54654 54653.333
6000 640 241 52058 52057 52057 52057.333
6000 672 625 51782 51797 51797 51792.000
6000 704 369 50100 50121 50121 50114.000
6000 736 113 49750 49788 49788 49775.333
6000 768 625 49645 49671 49671 49662.333
6000 800 401 80030 80031 80031 80030.667
6000 832 177 79200 79197 79197 79198.000
6000 864 817 79574 79589 79589 79584.000
6000 896 625 74669 74668 74668 74668.333
6000 928 433 72757 72752 72752 72753.667
6000 960 241 72517 72514 72514 72515.000
6000 992 49 74499 74505 74505 74503.000
6000 1024 881 73950 73947 73947 73948.000
