700 1 0 7931 7938 7920 7929.667
700 32 29 398 398 399 398.333
700 64 61 265 263 278 268.667
700 96 29 239 228 237 234.667
700 128 61 206 207 199 204.000
700 160 61 195 189 189 191.000
700 192 125 178 178 178 178.000
700 224 29 188 189 190 189.000
700 256 189 176 175 176 175.667
700 288 125 180 181 181 180.667
700 320 61 189 189 189 189.000
700 352 349 180 182 181 181.000
700 384 317 181 181 182 181.333
700 416 285 190 185 185 186.667
700 448 253 182 183 191 185.333
700 480 221 185 184 183 184.000
700 512 189 180 181 182 181.000
700 544 157 199 199 199 199.000
700 576 125 202 201 201 201.333
700 608 93 202 204 203 203.000
700 640 61 204 207 212 207.667
700 672 29 216 207 205 209.333
