7000 32 25 292538 292538 292538
7000 64 25 153146 153146 153146
7000 96 89 107023 107023 107023
7000 128 89 85974 85974 85974
7000 160 121 74179 74179 74179
7000 192 89 68256 68256 68256
7000 224 57 73401 73401 73401
7000 256 89 68891 68891 68891
7000 288 89 71144 71144 71144
7000 320 281 76188 76188 76188
7000 352 313 73073 73073 73073
7000 384 89 70607 70607 70607
7000 416 345 78802 78802 78802
7000 448 281 75774 75771 75771
7000 480 281 73391 73390 73390
7000 512 345 71601 71600 71600
7000 544 473 89250 89245 89245
7000 576 89 87364 87367 87367
7000 608 313 84407 84413 84413
7000 640 601 82935 82941 82941
7000 672 281 80116 80125 80125
7000 704 665 80232 80263 80263
7000 736 377 77782 77803 77803
7000 768 89 77034 77052 77052
7000 800 601 125753 125747 125747
7000 832 345 123909 123903 123903
7000 864 89 124566 124571 124571
7000 896 729 117533 117535 117535
7000 928 505 114684 114682 114682
7000 960 281 114785 114789 114789
7000 992 57 117670 117669 117669
7000 1024 857 116703 116702 116702
