800 1 0 11912 11909 11902 11907.667
800 32 1 579 578 579 578.667
800 64 33 364 362 363 363.000
800 96 33 299 299 299 299.000
800 128 33 270 269 270 269.667
800 160 1 256 255 256 255.667
800 192 33 243 243 243 243.000
800 224 129 244 239 238 240.333
800 256 33 250 244 246 246.667
800 288 225 240 240 237 239.000
800 320 161 246 241 241 242.667
800 352 97 248 287 246 260.333
800 384 33 250 249 249 249.333
800 416 385 254 255 253 254.000
800 448 353 246 246 245 245.667
800 480 321 246 247 246 246.333
800 512 289 248 248 279 258.333
800 544 257 265 265 266 265.333
800 576 225 284 290 266 280.000
800 608 193 277 267 268 270.667
800 640 161 261 269 292 274.000
800 672 129 277 262 263 267.333
800 704 97 281 281 274 278.667
800 736 65 288 319 319 308.667
800 768 33 289 279 284 284.000
800 800 1 368 363 360 363.667
