8000 32 1 437001 437001 437001 437001.000
8000 64 1 227806 227806 227806 227806.000
8000 96 33 159205 159169 159169 159181.000
8000 128 65 126807 126804 126804 126805.000
8000 160 1 110664 110668 110668 110666.667
8000 192 129 100515 100541 100541 100532.333
8000 224 161 107520 107518 107518 107518.667
8000 256 65 102029 102029 102029 102029.000
8000 288 225 104726 104728 104728 104727.333
8000 320 1 114364 114366 114366 114365.333
8000 352 257 107852 107851 107851 107851.333
8000 384 321 104256 104256 104256 104256.000
8000 416 97 117236 117237 117237 117236.667
8000 448 385 112962 112964 112964 112963.333
8000 480 321 108928 108927 108927 108927.333
8000 512 321 105977 105977 105977 105977.000
8000 544 385 133112 133111 133111 133111.333
8000 576 513 130019 130030 130030 130026.333
8000 608 97 125704 125709 125709 125707.333
8000 640 321 121713 121722 121722 121719.000
8000 672 609 120294 120300 120300 120298.000
8000 704 257 117577 117603 117603 117594.333
8000 736 641 116845 116868 116868 116860.333
8000 768 321 113564 113596 113596 113585.333
8000 800 1 194290 194296 194296 194294.000
8000 832 513 184703 184699 184699 184700.333
8000 864 225 182742 182735 182735 182737.333
8000 896 833 182523 182526 182526 182525.000
8000 928 577 171852 171846 171846 171848.000
8000 960 321 170606 170616 170616 170612.667
8000 992 65 174357 174413 174413 174394.333
8000 1024 833 173624 173564 173564 173584.000
