900 1 0 16776 16750 16803
900 32 5 788 797 805
900 64 5 529 495 500
900 96 37 399 427 406
900 128 5 359 357 364
900 160 101 316 320 326
900 192 133 365 348 323
900 224 5 323 325 328
900 256 133 308 316 312
900 288 37 333 321 322
900 320 261 314 314 311
900 352 197 318 314 313
900 384 133 315 313 315
900 416 69 348 354 330
900 448 5 338 341 354
900 480 421 318 317 319
900 512 389 321 318 319
900 544 357 337 338 339
900 576 325 339 349 356
900 608 293 339 340 340
900 640 261 332 337 335
900 672 229 329 329 339
900 704 197 330 331 331
900 736 165 326 326 326
900 768 133 326 327 327
900 800 101 444 445 445
900 832 69 448 445 450
900 864 37 458 452 465
900 896 5 461 474 494
