9000 32 9 620956 620956 620956
9000 64 41 322513 322513 322513
9000 128 41 181042 181050 181050
9000 160 41 156402 156402 156402
9000 192 169 141861 141861 141861
9000 224 41 153860 153863 153863
9000 256 41 144580 144578 144578
9000 288 73 149095 149093 149093
9000 320 41 161558 161544 161544
9000 352 201 152721 152725 152725
9000 384 169 146747 146746 146746
9000 416 265 165587 165587 165587
9000 448 41 160334 160336 160336
9000 480 361 153936 153937 153937
9000 512 297 149963 149962 149962
9000 544 297 188792 188782 188782
9000 576 361 181883 181882 181882
9000 608 489 176823 176814 176814
9000 640 41 173790 173801 173801
9000 672 265 168353 168358 168358
9000 704 553 169073 169110 169110
9000 736 169 163255 163294 163294
9000 768 553 163064 163108 163108
9000 800 201 271463 271456 271456
9000 832 681 260106 260100 260100
9000 864 361 258972 258994 258994
9000 896 41 258851 258843 258843
9000 928 649 243320 243312 243312
9000 960 361 241982 241985 241985
9000 992 73 247469 247476 247476
9000 1024 809 246316 246326 246326
