N sz rem t1 t2 t3
10000 32 17 850252 850252 850252
10000 64 17 443116 443116 443116
10000 96 17 310580 310583 310583
10000 128 17 248361 248358 248358
10000 160 81 212905 212906 212906
10000 192 17 195578 195578 195578
10000 224 145 208557 208559 208559
10000 256 17 197532 197534 197534
10000 288 209 202667 202668 202668
10000 320 81 219942 219939 219939
10000 352 145 208534 208534 208534
10000 384 17 202346 202346 202346
10000 416 17 228810 228808 228808
10000 448 145 217166 217170 217170
10000 480 401 211191 211193 211193
10000 512 273 203816 203819 203819
10000 544 209 258607 258622 258622
10000 576 209 249140 249135 249135
10000 608 273 242231 242230 242230
10000 640 401 236226 236248 236248
10000 672 593 232298 232316 232316
10000 704 145 225223 227352 227352
10000 736 433 222856 223260 223260
10000 768 17 220858 220870 220870
10000 800 401 369671 368989 368989
10000 832 17 368970 368258 368258
10000 864 497 353064 352452 352452
10000 896 145 350945 350308 350308
10000 928 721 333011 332412 332412
10000 960 401 333246 332633 332633
10000 992 81 339295 338993 338993
10000 1024 785 336913 336325 336325
1000 1 0 22730 22730 22732
1000 32 9 940 942 941
1000 64 41 529 528 529
1000 96 41 403 403 402
1000 128 105 335 334 335
1000 160 41 313 314 314
1000 192 41 295 308 295
1000 224 105 296 296 296
1000 256 233 284 294 284
1000 288 137 291 291 292
1000 320 41 319 320 319
1000 352 297 302 302 302
1000 384 233 291 291 292
1000 416 169 309 309 309
1000 448 105 314 312 312
1000 480 41 317 317 317
1000 512 489 302 302 302
1000 544 457 338 337 337
1000 576 425 340 340 340
1000 608 393 342 341 341
1000 640 361 327 329 327
1000 672 329 328 327 328
1000 704 297 328 329 328
1000 736 265 321 321 336
1000 768 233 317 316 316
1000 800 201 459 459 459
1000 832 169 454 455 454
1000 864 137 457 456 458
1000 896 105 458 459 459
1000 928 73 456 461 456
1000 960 41 461 461 461
1000 992 9 469 469 468
100 1 0 21 13 10
100 32 5 14 10 11
100 64 37 10 12 11
100 96 5 10 11 9
1100 1 0 30275 30277 30279
1100 32 13 1235 1238 1235
1100 64 13 704 703 705
1100 96 45 521 521 520
1100 128 77 439 438 473
1100 160 141 387 387 387
1100 192 141 364 364 364
1100 224 205 378 378 378
1100 256 77 376 377 377
1100 288 237 373 372 372
1100 320 141 394 393 393
1100 352 45 402 402 403
1100 384 333 380 381 381
1100 416 269 400 400 400
1100 448 205 397 397 396
1100 480 141 392 391 391
1100 512 77 395 396 396
1100 544 13 473 474 473
1100 576 525 468 467 469
1100 608 493 424 425 425
1100 640 461 424 424 425
1100 672 429 425 425 425
1100 704 397 427 427 427
1100 736 365 412 411 413
1100 768 333 412 412 411
1100 800 301 582 581 582
1100 832 269 574 575 574
1100 864 237 572 571 571
1100 896 205 575 573 575
1100 928 173 561 562 561
1100 960 141 567 565 567
1100 992 109 575 575 574
1100 1024 77 578 577 578
1200 1 0 39376 39371 39374
1200 32 17 1582 1586 1581
1200 64 49 879 878 877
1200 96 49 661 660 661
1200 128 49 560 561 560
1200 160 81 502 502 502
1200 192 49 477 478 478
1200 224 81 491 492 491
1200 256 177 460 458 460
1200 288 49 494 494 493
1200 320 241 491 490 491
1200 352 145 487 487 486
1200 384 49 496 495 496
1200 416 369 503 503 502
1200 448 305 505 505 506
1200 480 241 489 489 488
1200 512 177 481 481 481
1200 544 113 569 569 569
1200 576 49 577 578 577
1200 608 593 570 570 571
1200 640 561 571 572 571
1200 672 529 574 573 573
1200 704 497 521 522 521
1200 736 465 523 523 523
1200 768 433 524 524 524
1200 800 401 724 724 724
1200 832 369 707 709 708
1200 864 337 712 711 712
1200 896 305 714 714 714
1200 928 273 698 697 698
1200 960 241 695 696 695
1200 992 209 706 706 706
1200 1024 177 697 698 697
1300 1 0 49873 49864 49859
1300 32 21 1991 1997 1991
1300 64 21 1122 1119 1122
1300 96 53 822 824 823
1300 128 21 705 704 705
1300 160 21 634 636 635
1300 192 149 571 572 571
1300 224 181 591 589 591
1300 256 21 604 605 604
1300 288 149 591 590 590
1300 320 21 648 649 648
1300 352 245 600 599 601
1300 384 149 593 593 593
1300 416 53 661 661 661
1300 448 405 634 634 635
1300 480 341 614 614 613
1300 512 277 603 601 603
1300 544 213 695 694 698
1300 576 149 688 687 688
1300 608 85 696 698 696
1300 640 21 705 704 705
1300 672 629 688 689 688
1300 704 597 691 690 691
1300 736 565 692 693 692
1300 768 533 696 695 695
1300 800 501 863 864 863
1300 832 469 868 866 868
1300 864 437 871 873 872
1300 896 405 878 877 878
1300 928 373 849 851 849
1300 960 341 854 853 854
1300 992 309 867 868 867
1300 1024 277 856 854 856
1400 1 0 62335 62329 62334
1400 32 25 2465 2465 2471
1400 64 57 1353 1356 1357
1400 96 57 1010 1012 1010
1400 128 121 828 826 828
1400 160 121 747 748 746
1400 192 57 721 721 722
1400 224 57 750 751 750
1400 256 121 712 711 712
1400 288 249 716 717 715
1400 320 121 762 761 762
1400 352 345 740 741 740
1400 384 249 720 719 720
1400 416 153 778 778 777
1400 448 57 791 789 791
1400 480 441 759 758 759
1400 512 377 736 736 735
1400 544 313 850 850 850
1400 576 249 828 828 829
1400 608 185 822 823 822
1400 640 121 827 826 827
1400 672 57 838 837 837
1400 704 697 823 825 824
1400 736 665 825 824 825
1400 768 633 825 824 826
1400 800 601 1087 1089 1086
1400 832 569 1094 1091 1093
1400 864 537 1100 1101 1100
1400 896 505 1035 1033 1035
1400 928 473 1028 1027 1028
1400 960 441 1033 1034 1033
1400 992 409 1052 1051 1051
1400 1024 377 1027 1025 1027
1500 1 0 76897 76891 76895
1500 32 29 3017 3025 3018
1500 64 29 1682 1679 1683
1500 96 61 1228 1230 1228
1500 128 93 1015 1014 1015
1500 160 61 923 925 923
1500 192 157 845 844 845
1500 224 157 877 878 877
1500 256 221 854 855 855
1500 288 61 898 897 898
1500 320 221 910 912 912
1500 352 93 909 910 909
1500 384 349 883 882 884
1500 416 253 931 931 932
1500 448 157 922 924 922
1500 480 61 935 934 935
1500 512 477 901 900 901
1500 544 413 1033 1034 1033
1500 576 349 1008 1005 1008
1500 608 285 993 995 993
1500 640 221 986 985 986
1500 672 157 977 976 977
1500 704 93 987 989 988
1500 736 29 1003 1002 1002
1500 768 733 979 978 979
1500 800 701 1275 1277 1276
1500 832 669 1279 1277 1279
1500 864 637 1285 1329 1287
1500 896 605 1290 1292 1289
1500 928 573 1287 1285 1287
1500 960 541 1295 1298 1295
1500 992 509 1235 1234 1233
1500 1024 477 1235 1233 1235
1600 1 0 94131 94124 94131
1600 32 1 3713 3705 3715
1600 64 1 2046 2050 2049
1600 96 65 1467 1470 1467
1600 128 65 1227 1228 1225
1600 160 1 1123 1122 1266
1600 192 65 1035 1034 1034
1600 224 33 1089 1090 1089
1600 256 65 1044 1043 1044
1600 288 161 1040 1041 1040
1600 320 1 1150 1148 1150
1600 352 193 1078 1076 1078
1600 384 65 1072 1073 1072
1600 416 353 1128 1127 1128
1600 448 257 1109 1110 1109
1600 480 161 1083 1082 1082
1600 512 65 1093 1092 1093
1600 544 513 1303 1304 1304
1600 576 449 1211 1213 1211
1600 608 385 1222 1220 1222
1600 640 321 1186 1187 1185
1600 672 257 1171 1170 1170
1600 704 193 1167 1164 1168
1600 736 129 1156 1157 1156
1600 768 65 1166 1167 1165
1600 800 1 1855 1947 1852
1600 832 769 1845 1841 1845
1600 864 737 1499 1497 1499
1600 896 705 1505 1507 1504
1600 928 673 1501 1497 1500
1600 960 641 1503 1505 1502
1600 992 609 1527 1525 1527
1600 1024 577 1526 1528 1613
1700 1 0 111728 111716 111735
1700 32 5 4425 4416 4415
1700 64 37 2396 2391 2397
1700 96 69 1736 1740 1737
1700 128 37 1469 1467 1469
1700 160 101 1284 1282 1284
1700 192 165 1187 1189 1187
1700 224 133 1247 1245 1247
1700 256 165 1197 1198 1197
1700 288 261 1252 1237 1239
1700 320 101 1310 1313 1311
1700 352 293 1284 1282 1284
1700 384 165 1230 1232 1230
1700 416 37 1391 1389 1391
1700 448 357 1307 1309 1308
1700 480 261 1285 1286 1285
1700 512 165 1254 1253 1254
1700 544 69 1529 1531 1529
1700 576 549 1505 1503 1501
1700 608 485 1408 1406 1409
1700 640 421 1407 1409 1408
1700 672 357 1378 1376 1377
1700 704 293 1386 1383 1385
1700 736 229 1352 1355 1355
1700 768 165 1337 1338 1338
1700 800 101 2101 2097 2101
1700 832 37 2115 2118 2115
1700 864 837 2120 2118 2117
1700 896 805 2117 2114 2118
1700 928 773 2109 2113 2109
1700 960 741 1721 1723 1882
1700 992 709 1752 1754 1752
1700 1024 677 1754 1751 1754
1800 1 0 132158 132154 132145
1800 32 9 5210 5223 5220
1800 64 9 2857 2864 2857
1800 96 73 2044 2041 2045
1800 128 9 1736 1740 1737
1800 160 41 1533 1530 1532
1800 192 73 1418 1420 1420
1800 224 9 1516 1518 1515
1800 256 9 1459 1459 1458
1800 288 73 1471 1469 1471
1800 320 201 1522 1520 1522
1800 352 41 1524 1525 1526
1800 384 265 1450 1452 1450
1800 416 137 1577 1577 1575
1800 448 9 1602 1600 1602
1800 480 361 1503 1504 1502
1800 512 265 1477 1476 1475
1800 544 169 1737 1735 1747
1800 576 73 1750 1746 1749
1800 608 585 1725 1725 1728
1800 640 521 1733 1736 1733
1800 672 457 1620 1619 1620
1800 704 393 1634 1630 1634
1800 736 329 1593 1596 1594
1800 768 265 1572 1571 1571
1800 800 201 2396 2393 2397
1800 832 137 2384 2381 2385
1800 864 73 2415 2411 2415
1800 896 9 2431 2435 2431
1800 928 873 2399 2393 2399
1800 960 841 2411 2416 2411
1800 992 809 2438 2433 2438
1800 1024 777 2438 2434 2439
1900 1 0 155657 155648 155652
1900 32 13 6093 6109 6105
1900 64 45 3286 3284 3292
1900 96 77 2381 2377 2380
1900 128 109 1954 1951 1954
1900 160 141 1727 1729 1727
1900 192 173 1609 1608 1610
1900 224 109 1708 1712 1708
1900 256 109 1647 1645 1644
1900 288 173 1666 1664 1666
1900 320 301 1781 1783 1781
1900 352 141 1721 1721 1719
1900 384 365 1690 1688 1690
1900 416 237 1816 1818 1816
1900 448 109 1805 1801 1805
1900 480 461 1761 1763 1761
1900 512 365 1717 1716 1717
1900 544 269 2012 2015 2013
1900 576 173 1973 1969 1972
1900 608 77 1994 1997 1993
1900 640 621 1968 1967 1966
1900 672 557 1977 1974 1977
1900 704 493 1856 1858 1855
1900 736 429 1866 1864 1867
1900 768 365 1820 1822 1822
1900 800 301 2745 2749 2749
1900 832 237 2706 2710 2705
1900 864 173 2710 2709 2705
1900 896 109 2725 2725 2720
1900 928 45 2723 2719 2723
1900 960 941 2722 2718 2723
1900 992 909 2748 2743 2748
1900 1024 877 2754 2760 2756
2000 1 0 182029 182022 182027
2000 32 17 7090 7090 7089
2000 64 17 3858 3855 3863
2000 96 81 2747 2752 2747
2000 128 81 2281 2278 2281
2000 160 81 2022 2025 2021
2000 192 81 1891 1893 1891
2000 224 209 1960 1960 1957
2000 256 209 1887 1885 1887
2000 288 273 1932 1934 1932
2000 320 81 2077 2074 2077
2000 352 241 1970 1974 1971
2000 384 81 1969 1967 1969
2000 416 337 2105 2108 2108
2000 448 209 2058 2061 2058
2000 480 81 2045 2047 2045
2000 512 465 1996 1994 1997
2000 544 369 2305 2308 2306
2000 576 273 2272 2271 2268
2000 608 177 2239 2237 2236
2000 640 81 2254 2252 2251
2000 672 657 2233 2229 2232
2000 704 593 2237 2242 2238
2000 736 529 2259 2255 2259
2000 768 465 2112 2111 2112
2000 800 401 3131 3130 3135
2000 832 337 3089 3084 3090
2000 864 273 3078 3083 3077
2000 896 209 3074 3073 3070
2000 928 145 3034 3028 3034
2000 960 81 3049 3055 3052
2000 992 17 3134 3138 3134
2000 1024 977 3115 3113 3111
200 1 0 202 204 203
200 32 9 32 31 31
200 64 9 29 28 29
200 96 9 28 29 28
200 128 73 27 26 28
200 160 41 26 28 28
200 192 9 26 28 27
2100 1 0 209956 209946 209937
2100 32 21 8160 8161 8164
2100 64 53 4376 4375 4384
2100 96 85 3157 3163 3158
2100 128 53 2641 2636 2640
2100 160 21 2363 2361 2364
2100 192 181 2119 2117 2120
2100 224 85 2271 2275 2271
2100 256 53 2206 2205 2204
2100 288 85 2246 2245 2243
2100 320 181 2323 2320 2323
2100 352 341 2277 2280 2280
2100 384 181 2201 2204 2204
2100 416 21 2514 2518 2516
2100 448 309 2371 2375 2373
2100 480 181 2288 2290 2288
2100 512 53 2315 2313 2316
2100 544 469 2646 2644 2646
2100 576 373 2584 2589 2589
2100 608 277 2558 2562 2561
2100 640 181 2514 2516 2515
2100 672 85 2537 2541 2540
2100 704 693 2525 2530 2529
2100 736 629 2529 2533 2532
2100 768 565 2535 2537 2535
2100 800 501 3487 3492 3492
2100 832 437 3495 3501 3495
2100 864 373 3474 3469 3474
2100 896 309 3477 3482 3478
2100 928 245 3407 3401 3407
2100 960 181 3387 3392 3387
2100 992 117 3472 3471 3468
2100 1024 53 3493 3486 3492
2200 1 0 241531 241531 241531
2200 32 25 9353 9353 9353
2200 64 25 5068 5068 5068
2200 96 89 3609 3603 3610
2200 128 25 3034 3039 3033
2200 160 121 2619 2619 2616
2200 192 89 2465 2465 2463
2200 224 185 2535 2531 2534
2200 256 153 2450 2452 2449
2200 288 185 2505 2504 2502
2200 320 281 2658 2655 2658
2200 352 89 2626 2623 2627
2200 384 281 2528 2526 2529
2200 416 121 2786 2783 2786
2200 448 409 2725 2730 2730
2200 480 281 2620 2624 2623
2200 512 153 2570 2573 2570
2200 544 25 3215 3214 3212
2200 576 473 2956 2952 2957
2200 608 377 2903 2909 2903
2200 640 281 2869 2867 2867
2200 672 185 2825 2825 2822
2200 704 89 2859 2852 2859
2300 1 0 276958 276958 276958
2300 32 29 10654 10654 10654
2300 64 61 5702 5702 5702
2300 96 93 4096 4094 4102
2300 128 125 3349 3355 3349
2300 160 61 3025 3025 3021
2300 192 189 2746 2743 2745
2300 224 61 2965 2962 2966
2300 256 253 2776 2779 2777
2300 288 285 2862 2864 2865
2300 320 61 3102 3107 3103
2300 352 189 2921 2921 2918
2300 384 381 2880 2876 2879
2300 416 221 3138 3135 3138
2300 448 61 3125 3130 3125
2300 480 381 2982 2981 2979
2300 512 253 2909 2905 2908
2300 544 125 3543 3542 3545
2300 576 573 3478 3485 3478
2300 608 477 3314 3309 3315
2300 640 381 3248 3245 3248
2300 672 285 3209 3213 3209
2300 704 189 3172 3163 3172
2300 736 93 3195 3200 3199
2400 1 0 317588 317588 317588
2400 32 1 12227 12227 12227
2400 64 33 6501 6501 6501
2400 96 1 4770 4765 4761
2400 128 97 3818 3811 3818
2400 160 1 3461 3466 3461
2400 192 97 3139 3135 3138
2400 224 161 3262 3264 3262
2400 256 97 3171 3172 3168
2400 288 97 3261 3258 3261
2400 320 161 3419 3416 3415
2400 352 289 3359 3358 3354
2400 384 97 3266 3261 3264
2400 416 321 3551 3556 3551
2400 448 161 3444 3439 3445
2400 480 1 3486 3490 3490
2400 512 353 3310 3313 3309
2400 544 225 3948 3944 3947
2400 576 97 3915 3923 3923
2400 608 577 3884 3876 3884
2400 640 481 3678 3675 3679
2400 672 385 3689 3694 3689
2400 704 289 3633 3633 3624
2400 736 193 3572 3572 3572
2400 768 97 3543 3547 3543
2400 800 1 5822 5818 5813
2500 1 0 354952 354952 354952
2500 32 5 13752 13752 13752
2500 64 5 7420 7420 7420
2500 96 5 5354 5352 5346
2500 128 69 4327 4322 4319
2500 160 101 3790 3784 3790
2500 192 5 3595 3600 3600
2500 224 37 3775 3773 3778
2500 256 197 3532 3533 3532
2500 288 197 3633 3631 3635
2500 320 261 3843 3849 3843
2500 352 37 3822 3821 3817
2500 384 197 3634 3639 3639
2500 416 5 4136 4135 4139
2500 448 261 3868 3875 3868
2500 480 101 3814 3810 3814
2500 512 453 3741 3741 3745
2500 544 325 4429 4433 4429
2500 576 197 4348 4340 4348
2500 608 69 4347 4343 4350
2500 640 581 4278 4283 4278
2500 672 485 4067 4071 4067
2500 704 389 4097 4096 4096
2500 736 293 4019 4025 4020
2500 768 197 3942 3942 3939
2500 800 101 6326 6321 6319
2500 832 5 6378 6391 6391
3000 1 0 612458 612458 612458
3000 32 25 23503 23503 23503
3000 64 57 12479 12479 12479
3000 96 25 9052 9055 9045
3000 128 57 7330 7329 7326
3000 160 121 6351 6361 6361
3000 192 121 5884 5883 5882
3000 224 89 6276 6275 6275
3000 256 185 5877 5877 5874
3000 288 121 6109 6116 6115
3000 320 121 6532 6531 6530
3000 352 185 6214 6223 6222
3000 384 313 6135 6135 6131
3000 416 89 6802 6800 6808
3000 448 313 6554 6553 6551
3000 480 121 6368 6366 6372
3000 512 441 6276 6276 6276
3000 544 281 7471 7474 7473
3000 576 121 7375 7377 7373
3000 608 569 7337 7336 7340
3000 640 441 7011 7013 7012
3000 672 313 6907 6908 6908
3000 704 185 6778 6770 6770
3000 736 57 6857 6854 6858
3000 768 697 6759 6765 6766
3000 800 601 10116 10108 10113
3000 832 505 9837 9836 9827
3000 864 409 9921 9925 9917
3000 896 313 9804 9810 9810
3000 928 217 9623 9617 9620
3000 960 121 9652 9643 9649
3000 992 25 9909 9916 9914
300 1 0 648 648 649
300 32 13 61 61 61
300 64 45 51 50 51
300 96 13 49 48 48
300 128 45 46 46 47
300 160 141 44 44 44
300 192 109 47 44 45
300 224 77 45 46 45
300 256 45 46 45 46
300 288 13 48 46 46
4000 1 0 1470072 1470072 1470072
4000 32 1 55451 55451 55451
4000 64 33 29104 29104 29104
4000 96 65 20566 20563 20571
4000 128 33 16730 16731 16732
4000 160 1 14763 14764 14762
4000 192 161 13352 13351 13354
4000 224 193 14231 14230 14229
4000 256 161 13483 13484 13483
4000 288 257 13935 13934 13934
4000 320 161 14799 14799 14799
4000 352 129 14312 14312 14311
4000 384 161 13838 13837 13841
4000 416 257 15331 15333 15333
4000 448 417 14967 14972 14967
4000 480 161 14408 14407 14406
4000 512 417 14268 14266 14267
4000 544 193 17338 17339 17333
4000 576 545 17108 17112 17113
4000 608 353 16355 16356 16358
4000 640 161 16006 16007 16006
4000 672 641 16014 16016 16016
4000 704 481 15536 15535 15535
4000 736 321 15323 15325 15323
4000 768 161 15017 15019 15016
4000 800 1 25238 25243 25243
4000 832 673 23030 23033 23032
4000 864 545 23217 23207 23208
4000 896 417 22653 22654 22654
4000 928 289 22274 22272 22278
4000 960 161 22161 22161 22163
4000 992 33 22790 22790 22786
4000 1024 929 22449 22456 22456
400 1 0 1512 1515 1509
400 32 17 110 109 109
400 64 17 85 85 85
400 96 17 76 77 77
400 128 17 73 73 72
400 160 81 69 69 69
400 192 17 70 70 70
400 224 177 66 66 66
400 256 145 66 66 68
400 288 113 67 68 69
400 320 81 69 69 70
400 352 49 70 70 70
400 384 17 71 71 70
5000 1 0 2831390 2831390 2831390
5000 32 9 107549 107549 107549
5000 64 9 56661 56661 56661
5000 96 9 40142 40146 40139
5000 128 9 32345 32347 32344
5000 160 41 28045 28047 28047
5000 192 9 25881 25882 25882
5000 224 73 27415 27418 27420
5000 256 137 25688 25686 25685
5000 288 105 26627 26627 26627
5000 320 201 28487 28485 28485
5000 352 73 27527 27526 27526
5000 384 9 26817 26819 26818
5000 416 9 30021 30020 30021
5000 448 73 28659 28664 28663
5000 480 201 27570 27570 27568
5000 512 393 27168 27168 27165
5000 544 105 33573 33575 33578
5000 576 393 32320 32323 32327
5000 608 137 31541 31541 31542
5000 640 521 31380 31384 31376
5000 672 297 30128 30126 30129
5000 704 73 29997 30010 29997
5000 736 585 29866 29860 29866
5000 768 393 28984 28986 28990
5000 800 201 47023 47017 47021
5000 832 9 47325 47338 47336
5000 864 681 43993 43991 44002
5000 896 521 44075 44076 44076
5000 928 361 42436 42442 42438
5000 960 201 42528 42535 42531
5000 992 41 43639 43640 43636
5000 1024 905 43255 43260 43259
500 1 0 2904 2908 2908
500 32 21 177 178 178
500 64 53 127 127 127
500 96 21 115 125 114
500 128 117 101 102 103
500 160 21 104 103 102
500 192 117 97 96 97
500 224 53 101 100 100
500 256 245 95 96 95
500 288 213 96 96 98
500 320 181 97 97 97
500 352 149 98 98 98
500 384 117 98 99 99
500 416 85 103 102 102
500 448 53 104 103 104
500 480 21 104 104 104
6000 32 17 184787 184787 184787
6000 64 49 96548 96548 96548
6000 96 49 68139 68146 68146
6000 128 113 54383 54384 54384
6000 160 81 47447 47450 47450
6000 192 49 43770 43765 43765
6000 224 177 46215 46210 46210
6000 256 113 43838 43840 43840
6000 288 241 45060 45062 45062
6000 320 241 48395 48401 48401
6000 352 17 47157 47159 47159
6000 384 241 44758 44758 44758
6000 416 177 50000 50005 50005
6000 448 177 48168 48170 48170
6000 480 241 46736 46733 46733
6000 512 369 45629 45629 45629
6000 544 17 57997 57994 57994
6000 576 241 54841 54843 54843
6000 608 529 54652 54654 54654
6000 640 241 52058 52057 52057
6000 672 625 51782 51797 51797
6000 704 369 50100 50121 50121
6000 736 113 49750 49788 49788
6000 768 625 49645 49671 49671
6000 800 401 80030 80031 80031
6000 832 177 79200 79197 79197
6000 864 817 79574 79589 79589
6000 896 625 74669 74668 74668
6000 928 433 72757 72752 72752
6000 960 241 72517 72514 72514
6000 992 49 74499 74505 74505
6000 1024 881 73950 73947 73947
600 1 0 5011 4998 4989
600 32 25 272 272 271
600 64 25 189 188 189
600 96 25 162 162 162
600 128 89 144 144 144
600 160 121 138 137 136
600 192 25 139 138 138
600 224 153 133 133 133
600 256 89 135 135 135
600 288 25 140 140 140
600 320 281 134 134 134
600 352 249 133 133 134
600 384 217 134 134 134
600 416 185 137 137 138
600 448 153 137 138 138
600 480 121 138 137 138
600 512 89 139 138 139
600 544 57 157 153 153
600 576 25 154 154 155
7000 32 25 292538 292538 292538
7000 64 25 153146 153146 153146
7000 96 89 107023 107023 107023
7000 128 89 85974 85974 85974
7000 160 121 74179 74179 74179
7000 192 89 68256 68256 68256
7000 224 57 73401 73401 73401
7000 256 89 68891 68891 68891
7000 288 89 71144 71144 71144
7000 320 281 76188 76188 76188
7000 352 313 73073 73073 73073
7000 384 89 70607 70607 70607
7000 416 345 78802 78802 78802
7000 448 281 75774 75771 75771
7000 480 281 73391 73390 73390
7000 512 345 71601 71600 71600
7000 544 473 89250 89245 89245
7000 576 89 87364 87367 87367
7000 608 313 84407 84413 84413
7000 640 601 82935 82941 82941
7000 672 281 80116 80125 80125
7000 704 665 80232 80263 80263
7000 736 377 77782 77803 77803
7000 768 89 77034 77052 77052
7000 800 601 125753 125747 125747
7000 832 345 123909 123903 123903
7000 864 89 124566 124571 124571
7000 896 729 117533 117535 117535
7000 928 505 114684 114682 114682
7000 960 281 114785 114789 114789
7000 992 57 117670 117669 117669
7000 1024 857 116703 116702 116702
700 1 0 7931 7938 7920
700 32 29 398 398 399
700 64 61 265 263 278
700 96 29 239 228 237
700 128 61 206 207 199
700 160 61 195 189 189
700 192 125 178 178 178
700 224 29 188 189 190
700 256 189 176 175 176
700 288 125 180 181 181
700 320 61 189 189 189
700 352 349 180 182 181
700 384 317 181 181 182
700 416 285 190 185 185
700 448 253 182 183 191
700 480 221 185 184 183
700 512 189 180 181 182
700 544 157 199 199 199
700 576 125 202 201 201
700 608 93 202 204 203
700 640 61 204 207 212
700 672 29 216 207 205
8000 32 1 437001 437001 437001
8000 64 1 227806 227806 227806
8000 96 33 159205 159169 159169
8000 128 65 126807 126804 126804
8000 160 1 110664 110668 110668
8000 192 129 100515 100541 100541
8000 224 161 107520 107518 107518
8000 256 65 102029 102029 102029
8000 288 225 104726 104728 104728
8000 320 1 114364 114366 114366
8000 352 257 107852 107851 107851
8000 384 321 104256 104256 104256
8000 416 97 117236 117237 117237
8000 448 385 112962 112964 112964
8000 480 321 108928 108927 108927
8000 512 321 105977 105977 105977
8000 544 385 133112 133111 133111
8000 576 513 130019 130030 130030
8000 608 97 125704 125709 125709
8000 640 321 121713 121722 121722
8000 672 609 120294 120300 120300
8000 704 257 117577 117603 117603
8000 736 641 116845 116868 116868
8000 768 321 113564 113596 113596
8000 800 1 194290 194296 194296
8000 832 513 184703 184699 184699
8000 864 225 182742 182735 182735
8000 896 833 182523 182526 182526
8000 928 577 171852 171846 171846
8000 960 321 170606 170616 170616
8000 992 65 174357 174413 174413
8000 1024 833 173624 173564 173564
800 1 0 11912 11909 11902
800 32 1 579 578 579
800 64 33 364 362 363
800 96 33 299 299 299
800 128 33 270 269 270
800 160 1 256 255 256
800 192 33 243 243 243
800 224 129 244 239 238
800 256 33 250 244 246
800 288 225 240 240 237
800 320 161 246 241 241
800 352 97 248 287 246
800 384 33 250 249 249
800 416 385 254 255 253
800 448 353 246 246 245
800 480 321 246 247 246
800 512 289 248 248 279
800 544 257 265 265 266
800 576 225 284 290 266
800 608 193 277 267 268
800 640 161 261 269 292
800 672 129 277 262 263
800 704 97 281 281 274
800 736 65 288 319 319
800 768 33 289 279 284
800 800 1 368 363 360
9000 32 9 620956 620956 620956
9000 64 41 322513 322513 322513
9000 128 41 181042 181050 181050
9000 160 41 156402 156402 156402
9000 192 169 141861 141861 141861
9000 224 41 153860 153863 153863
9000 256 41 144580 144578 144578
9000 288 73 149095 149093 149093
9000 320 41 161558 161544 161544
9000 352 201 152721 152725 152725
9000 384 169 146747 146746 146746
9000 416 265 165587 165587 165587
9000 448 41 160334 160336 160336
9000 480 361 153936 153937 153937
9000 512 297 149963 149962 149962
9000 544 297 188792 188782 188782
9000 576 361 181883 181882 181882
9000 608 489 176823 176814 176814
9000 640 41 173790 173801 173801
9000 672 265 168353 168358 168358
9000 704 553 169073 169110 169110
9000 736 169 163255 163294 163294
9000 768 553 163064 163108 163108
9000 800 201 271463 271456 271456
9000 832 681 260106 260100 260100
9000 864 361 258972 258994 258994
9000 896 41 258851 258843 258843
9000 928 649 243320 243312 243312
9000 960 361 241982 241985 241985
9000 992 73 247469 247476 247476
9000 1024 809 246316 246326 246326
900 1 0 16776 16750 16803
900 32 5 788 797 805
900 64 5 529 495 500
900 96 37 399 427 406
900 128 5 359 357 364
900 160 101 316 320 326
900 192 133 365 348 323
900 224 5 323 325 328
900 256 133 308 316 312
900 288 37 333 321 322
900 320 261 314 314 311
900 352 197 318 314 313
900 384 133 315 313 315
900 416 69 348 354 330
900 448 5 338 341 354
900 480 421 318 317 319
900 512 389 321 318 319
900 544 357 337 338 339
900 576 325 339 349 356
900 608 293 339 340 340
900 640 261 332 337 335
900 672 229 329 329 339
900 704 197 330 331 331
900 736 165 326 326 326
900 768 133 326 327 327
900 800 101 444 445 445
900 832 69 448 445 450
900 864 37 458 452 465
900 896 5 461 474 494
